-0.000604391
-0.000576019
-0.000571966
-0.000572681
-0.000567436
-0.000577688
-0.000575304
-0.000567198
-0.000581026
-0.000585556
-0.000831366
-0.000580549
-0.000567436
-0.00056076
-0.000568628
-0.000568151
-0.000576973
-0.000580072
-0.000604391
-0.000574112
-0.000575066
-0.000573874
-0.00057435
-0.000581026
-0.000579834
-0.000581026
-0.00059104
-0.000573158
-0.000575542
-0.000584126
-0.000576258
-0.00058341
-0.000607967
-0.000574589
-0.000571489
-0.000576735
-0.00057292
-0.000595808
-0.000587702
-0.000584364
-0.000581503
-0.000579834
-0.000580072
-0.000566959
-0.000568628
-0.000571728
-0.000567675
-0.000559807
-0.000575066
-0.00060153
-0.000579357
-0.000576258
-0.000616312
-0.000569582
-0.000572205
-0.000567913
-0.000570536
-0.000572205
-0.000571012
-0.000582933
-0.000585079
-0.000576496
-0.000581503
-0.000585318
-0.000571251
-0.000586271
-0.00057888
-0.000580549
-0.000585079
-0.000577211
-0.000598431
-0.000585079
-0.000585079
-0.000577211
-0.00056982
-0.00058341
-0.000590086
-0.000596046
-0.000628948
-0.000588179
-0.000586748
-0.000588417
-0.000578165
-0.00057745
-0.00057435
-0.000620127
-0.000565767
-0.00058794
-0.00056982
-0.00058341
-0.000602961
-0.000569344
-0.000570297
-0.000571012
-0.000571012
-0.000577211
-0.000581741
-0.00058794
-0.000573158
-0.000577927
-0.000590324
-0.000589132
-0.000566959
-0.000563145
-0.000562429
-0.000567198
-0.000575542
-0.000595331
-0.000599384
-0.000573158
-0.000580549
-0.000579834
-0.000579357
-0.000573158
-0.000596046
-0.000573635
-0.000580788
-0.00057745
-0.000583887
-0.000594854
-0.000586987
-0.000590324
-0.000603437
-0.000597954
-0.000573874
-0.000579119
-0.000581264
-0.000584364
-0.000581741
-0.000581503
-0.000659227
-0.000582695
-0.000611782
-0.000566721
-0.000593185
-0.000575304
-0.000577927
-0.00059247
-0.00057435
-0.000567436
-0.000557899
-0.000561237
-0.000578165
-0.000586033
-0.00075078
-0.000610113
-0.000571966
-0.000571728
-0.000572443
-0.000569105
-0.000576019
-0.000582457
-0.000569344
-0.00060153
-0.000581503
-0.000585318
-0.000576019
-0.000567913
-0.000595808
-0.000586748
-0.000574827
-0.000592947
-0.000582457
-0.000590563
-0.000580788
-0.000572443
-0.000574112
-0.000573397
-0.000572681
-0.000566959
-0.000567675
-0.000572205
-0.000570297
-0.000566483
-0.000599146
-0.000583172
-0.000608206
-0.000571251
-0.00056839
-0.00056386
-0.000573158
-0.000587463
-0.000564814
-0.000594139
-0.000574589
-0.000582457
-0.000580311
-0.000583649
-0.000573874
-0.000585794
-0.000586033
-0.000583887
-0.000576019
-0.000573635
-0.000573874
-0.000577927
-0.000575781
-0.000587702
-0.000567675
-0.000575781
-0.00057745
-0.000590324
-0.000586033
-0.000586987
-0.000596523
-0.00058794
-0.000581741
-0.000589609
-0.000585794
-0.000584126
-0.000572443
-0.000583887
-0.000586748
-0.000570297
-0.000575304
-0.000578165
-0.000594378
-0.000588179
-0.000580788
-0.000569344
-0.000574112
-0.000563145
-0.00057292
-0.000571251
-0.000570297
-0.000573158
-0.000574589
-0.000737429
-0.00058651
-0.000580311
-0.000581264
-0.00058651
-0.000584364
-0.000589609
-0.000574827
-0.000759363
-0.000618696
-0.000585318
-0.000599384
-0.000573158
-0.000577927
-0.000573397
-0.000572681
-0.000580549
-0.000575066
-0.000586271
-0.000592232
-0.000589371
-0.000571489
-0.000583649
-0.000575781
-0.000579596
-0.000579596
-0.000593901
-0.000584602
-0.000582457
-0.000580072
-0.00057888
-0.000581026
-0.000581026
-0.000581503
-0.000586987
-0.000573397
-0.000575066
-0.000573397
-0.000580072
-0.000571012
-0.000576019
-0.00058341
-0.000592232
-0.000594616
-0.000586748
-0.000599623
-0.000562906
-0.000572205
-0.000570536
-0.000570297
-0.000576735
-0.000578642
-0.00057435
-0.000570774
-0.000575781
-0.000579596
-0.000571966
-0.000575304
-0.000567198
-0.000621796
-0.000567675
-0.000568867
-0.000569582
-0.000576496
-0.000570059
-0.000570536
-0.000589848
-0.000575066
-0.000581264
-0.000579119
-0.000576258
-0.000582218
-0.00082922
-0.000587463
-0.000591755
-0.000595808
-0.000569344
-0.000576496
-0.00058651
-0.000578642
-0.000580549
-0.000573397
-0.000572681
-0.000576258
-0.000573397
-0.000566244
-0.000566721
-0.000584602
-0.000588655
-0.000582218
-0.000566721
-0.00056839
-0.000602007
-0.000597
-0.000590086
-0.000606775
-0.000573874
-0.000579834
-0.000587225
-0.000578165
-0.000589132
-0.000589609
-0.000566244
-0.000593185
-0.000594854
-0.000588655
-0.000587225
-0.00058651
-0.000589848
-0.000594616
-0.000574589
-0.000597954
-0.000572205
-0.000577211
-0.000576735
-0.000566721
-0.000574589
-0.000576258
-0.000567198
-0.000582457
-0.000591516
-0.000576973
-0.000581026
-0.000576019
-0.000579834
-0.00058651
-0.000579357
-0.000580549
-0.00058341
-0.000580549
-0.000575781
-0.000581264
-0.000566959
-0.000584602
-0.000597954
-0.000576973
-0.00056839
-0.000586987
-0.000584602
-0.00057292
-0.000582457
-0.000586033
-0.000570774
-0.000574589
-0.000591993
-0.000570297
-0.00057745
-0.000570536
-0.000573158
-0.000580311
-0.000620842
-0.000637293
-0.000598669
-0.000595331
-0.00058651
-0.000580788
-0.000581026
-0.000583172
-0.000579596
-0.000588894
-0.000588417
-0.00057888
-0.000575304
-0.000580072
-0.000570774
-0.00059247
-0.000577688
-0.000627756
-0.000582933
-0.000590324
-0.000570774
-0.000589371
-0.000599623
-0.000582457
-0.000581264
-0.000590801
-0.000585079
-0.000581741
-0.00057745
-0.000583172
-0.000613689
-0.000593901
-0.000593901
-0.00059104
-0.000590801
-0.000607967
-0.000596046
-0.000585794
-0.000594854
-0.000599384
-0.000610113
-0.000576496
-0.000581741
-0.000594854
-0.000594854
-0.000632524
-0.000597
-0.000587463
-0.000575781
-0.000574112
-0.000604868
-0.000585079
-0.000581026
-0.000586033
-0.000605106
-0.000587463
-0.00058794
-0.000568867
-0.000592709
-0.000577927
-0.000582695
-0.000609875
-0.000584126
-0.000590801
-0.000587225
-0.000584841
-0.000570774
-0.000587463
-0.000577688
-0.00058341
-0.000582695
-0.000589848
-0.000581264
-0.000590324
-0.000573635
-0.000576258
-0.000591755
-0.00057888
-0.000590563
-0.000580549
-0.000575304
-0.000582218
-0.00057888
-0.00058794
-0.000584841
-0.000581503
-0.000589371
-0.000581026
-0.000586271
-0.000580072
-0.00057745
-0.000577688
-0.000590801
-0.00058651
-0.000584364
-0.000582933
-0.000570297
-0.000584364
-0.000575542
-0.000581264
-0.000585318
-0.000588417
-0.000585556
-0.000578403
-0.000574827
-0.000573635
-0.000577688
-0.000584364
-0.000574589
-0.000602961
-0.000594378
-0.000597239
-0.0006001
-0.000582933
-0.000585794
-0.000608921
-0.000581503
-0.000589848
-0.000586271
-0.000575542
-0.000585794
-0.000585556
-0.000594854
-0.000585079
-0.000580788
-0.000601053
-0.000591755
-0.000585794
-0.000597715
-0.000593185
-0.000584841
-0.000578165
-0.000581264
-0.000576496
-0.000572205
-0.000572681
-0.00057745
-0.000638962
-0.00057435
-0.000572205
-0.000575542
-0.00058341
-0.000582457
-0.000571966
-0.000571489
-0.000591755
-0.000572205
-0.000581264
-0.000591278
-0.000590086
-0.000582933
-0.000635147
-0.000586271
-0.000594378
-0.000587225
-0.000577927
-0.000581741
-0.000602245
-0.000604868
-0.000575066
-0.000573158
-0.000576019
-0.000581503
-0.000579596
-0.000581264
-0.000561714
-0.000532866
-0.000542402
-0.0006392
-0.000538826
-0.000525475
-0.000526667
-0.00053215
-0.000538826
-0.00054121
-0.000542164
-0.000529289
-0.00053215
-0.000526905
-0.000531435
-0.000527382
-0.000522375
-0.000520468
-0.000622272
-0.000525236
-0.000530005
-0.000522852
-0.000523329
-0.000523329
-0.000517845
-0.000547647
-0.000531197
-0.000529766
-0.000526428
-0.000524521
-0.000536442
-0.000533342
-0.000524282
-0.000522852
-0.00052309
-0.000594378
-0.000574112
-0.000557423
-0.000525713
-0.000524044
-0.000539064
