0.000176913
0.000176749
0.00017688
0.00017688
0.000177052
0.000176884
0.000176884
0.000176821
0.000176821
0.000176936
0.000176936
0.00017697
0.00017697
0.000176859
0.000176859
0.000176859
0.000177037
0.000177037
0.000177015
0.000176859
0.000176809
0.000176981
0.000176979
0.000177015
0.000176935
0.000176949
0.000176949
0.000176845
0.000176901
0.000176937
0.000177073
0.000177117
0.000177031
0.000177019
0.000177125
0.000177329
0.000177329
0.000177801
0.00017789
0.000178003
0.000179075
0.000179612
0.000180381
0.000180381
0.000181058
0.000181579
0.000183008
0.000183561
0.000184024
0.000185458
0.000185458
0.000186988
0.000189007
0.000189007
0.000194956
0.000196755
0.000201131
0.000201131
0.000207807
0.000207807
0.000216246
0.000221608
0.00022759
0.000251431
0.000261434
0.0002842
0.0002842
0.000311161
0.000325939
0.000341866
0.000377241
0.000439744
0.000462263
0.000509494
0.000534587
0.000560903
0.000588233
0.000645421
0.000645421
0.00076757
0.000800408
0.000868381
0.000868381
0.000938873
0.00101235
0.00101235
0.00105058
0.00105058
0.00109016
0.00121183
0.00125446
0.001343
0.00138799
0.00143385
0.00152703
0.00152703
0.00162138
0.00166839
0.00158494
0.0015516
0.00151932
0.00148823
0.00135677
0.00129507
0.00127818
0.00126322
0.00123945
0.00123945
0.0012247
0.0012247
0.00122045
0.00122229
0.00124239
0.00124239
0.00126588
0.00129653
0.00129653
0.00133525
0.00133525
0.00138022
0.00138022
0.00149117
0.00152195
0.00155421
0.00158818
0.00165796
0.00169533
0.00173293
0.0018125
0.0018125
0.00197596
0.002017
0.00205857
0.0021417
0.00218382
0.00222569
0.00230973
0.00244105
0.00248522
0.00252876
0.00257221
0.00261615
0.00270386
0.00270386
0.00279019
0.00283332
0.00296072
0.00300344
0.00304537
0.00308718
0.00317259
0.00321554
0.00325817
0.00334373
0.00338696
0.00351765
0.00356249
0.00360682
0.00365084
0.00374066
0.00378656
0.00401272
0.00401272
0.00410518
0.00410518
0.00420027
0.00424804
0.00429549
0.00434325
0.00434325
0.0044405
0.0046759
0.00477099
0.00477099
0.00486707
0.00496346
0.00496346
0.00515159
0.00519869
0.00529181
0.00533807
0.00542999
0.00542999
0.00552058
0.00552058
0.00569913
0.0057863
0.00582931
0.00582931
0.00591679
0.00596112
0.00600685
0.0060976
0.0060976
0.00627721
0.00632219
0.006367
0.00645889
0.00645889
0.00655089
0.00659743
0.00668837
0.00682499
0.00686972
0.00691442
0.00695849
0.00704577
0.00704577
0.00710007
0.00712259
0.00718897
0.00718897
0.00732742
0.00737514
0.00739974
0.00747462
0.00750052
0.00752631
0.00755268
0.0076065
0.00763423
0.00766161
0.00768849
0.00771461
0.00779553
0.00779553
0.00785058
0.00787879
0.00790722
0.00795541
0.00795541
0.00795395
0.00795395
0.00795722
0.00795966
0.00797753
0.00798755
0.00798755
0.0080061
0.0080061
0.00801533
0.00802708
0.00802708
0.00804062
0.00805464
0.00805464
0.00808449
0.00809309
0.00810036
0.00810799
0.00812318
0.00812318
0.00813641
0.00813641
0.00814865
0.00816302
0.00816756
0.00817244
0.00817984
0.00817984
0.00818845
0.00819548
0.00819548
0.0082125
0.00821692
0.00822527
0.00822527
0.00822231
0.00820819
0.00819372
0.00817833
0.00816327
0.00811864
0.00810324
0.00808674
0.00806961
0.00803676
0.00801917
0.00800204
0.00798515
0.00796758
0.00791394
0.00789595
0.00787803
0.00785973
0.00784099
0.00780238
0.00780238
0.00776221
0.00774107
0.00767678
0.00767678
0.00763437
0.00761324
0.00759257
0.00757278
0.00755337
0.00753408
0.00749909
0.00744852
0.00743292
0.0074175
0.00738645
0.00738645
0.00737169
0.0073576
0.00727849
0.00726592
0.00725347
0.00722939
0.00722939
0.00720796
0.00719741
0.00718667
0.00714465
0.00714465
0.00711454
0.00710438
0.00709432
0.00708402
0.00707368
0.00706342
0.00705324
0.00702148
0.00702148
0.00700154
0.00699152
0.00698227
0.00697323
0.006964
0.00695497
0.00694645
0.00691686
0.00690971
0.00690222
0.00689474
0.00688726
0.0068797
0.00687208
0.0068653
0.00685859
0.00685236
0.00683593
0.00683593
0.00682696
0.00682269
0.00681911
0.00681617
0.00681302
0.00680719
0.00680719
0.00679553
0.00679553
0.00679222
0.0067903
0.00678967
0.00678932
0.00678858
0.00678846
0.00678873
0.00679009
0.00679035
0.00679084
0.00679115
0.00679171
0.00679274
0.00679518
0.00679518
0.00680035
0.0068017
0.00680483
0.00680483
0.00680874
0.00680874
0.00681443
0.00681757
0.00682108
0.0068361
0.00684067
0.0068518
0.00685789
0.00686939
0.00687506
0.00692364
0.00693194
0.00694794
0.00696476
0.00697365
0.00702577
0.00703408
0.00705042
0.00706842
0.00706842
0.00710339
0.00711231
0.0071312
0.00714079
0.00715068
0.00717075
0.00718067
0.00719138
0.00723219
0.00724212
0.00726137
0.0072808
0.00729047
0.00730024
0.00734221
0.00734221
0.00736506
0.00737692
0.00738872
0.00740129
0.00741456
0.00742783
0.00744127
0.007455
0.00749887
0.00751424
0.0075298
0.00754551
0.00756131
0.00757732
0.0076115
0.00762868
0.00764664
0.00770309
0.00772226
0.00774983
0.00774983
0.00772902
0.00771895
0.00770952
0.00769999
0.0076906
0.00765907
0.00763371
0.00763065
0.00762633
0.00762486
0.00762488
0.00762583
0.00762982
0.00762982
0.0076378
0.0076378
0.0076507
0.00765824
0.00768852
0.00770122
0.0077295
0.00774547
0.00776175
0.00777884
0.00779729
0.00778308
0.00769602
0.00769602
0.00766
0.00764478
0.00763127
0.00761896
0.00760885
0.00760044
0.00759323
0.00758795
0.00757975
0.00758004
0.00758437
0.00758943
0.00759584
0.00760366
0.00762369
0.00762369
0.00768409
0.00770266
0.00772264
0.00774353
0.00773653
0.00770976
0.00766089
0.00766089
0.00758325
0.00756867
0.0075561
0.00754639
0.00753841
0.00753245
0.00752852
0.00752532
0.00752532
0.00755116
0.00756499
0.00758024
0.00759859
0.00764207
0.00766703
0.00769443
0.00772493
0.00770233
0.00762454
0.00761119
0.00759084
0.00759084
0.00758097
0.00761183
0.00762947
0.00765025
0.00770391
0.00770391
0.0077682
0.0078058
0.00784615
0.00784744
0.00783696
0.00783803
0.00783803
0.00784978
0.00786069
0.0078766
0.00791549
0.00799728
0.00810961
0.00810961
0.00820134
0.00820134
0.00830774
0.00835444
0.00834758
0.00834827
0.00835565
0.00835565
0.00836741
0.00838223
0.00838223
0.00840341
0.00842827
0.00842827
0.0084579
0.0084579
0.00849015
0.00849015
0.008527
0.00865812
0.00870866
0.00876209
0.00881831
0.00881831
0.00887834
0.00887834
0.00891603
0.00891857
0.00891857
0.00892503
0.00893664
0.00893664
0.00895243
0.00902575
0.00905736
0.00909311
0.00938554
0.00965816
0.00968921
0.00970839
0.00973219
0.00975964
0.00978981
0.00982528
0.00986508
0.00990962
0.0100634
0.0101227
0.0101864
0.0103262
0.0103262
0.0104846
0.0105838
0.0105838
0.0108276
0.0109417
0.0110043
0.0110703
0.0111396
0.0112886
0.0115327
0.0116062
0.0116391
0.011717
0.011717
0.0118095
0.011861
0.0119144
0.011972
0.0122366
0.0123118
0.0123909
0.0124733
0.0126399
0.0126399
0.012727
0.0127634
0.0128959
0.0129488
0.0130047
0.0130635
0.0131259
0.0132551
0.0132551
0.0133962
0.0134714
0.0136972
0.0136972
0.0137376
0.0138288
0.0138791
0.0139313
0.0139843
0.0140406
0.0141637
0.0142319
0.0144606
0.0145424
0.014626
0.0147125
0.0148079
0.0148079
0.0149067
0.0151453
0.0151453
0.0152808
0.0153504
0.015423
0.0154974
0.0155737
0.0157403
0.0157403
0.0159804
0.0160344
0.0161475
0.0161475
0.016273
0.0163399
0.0164097
0.0164828
0.0165574
0.0167934
0.0169616
0.0171773
0.0172972
0.0172972
0.0175569
0.0176259
0.0177694
0.0178451
0.0179216
0.0180787
0.0180787
0.0181907
0.0183384
0.0183927
0.0184497
0.01857
0.01857
0.0186944
0.0186944
0.0188252
0.0191033
0.0191783
0.0192557
0.0193031
0.0193533
0.0194563
0.0194563
0.0195639
0.0195639
0.0197931
0.0198554
0.0199213
0.019988
0.0201259
0.0201958
0.0202659
0.020404
0.0205847
0.020634
0.0206869
0.0207985
0.0207985
0.0209168
0.0210349
0.0210349
0.0212699
0.0212699
0.0213929
0.0214567
0.0215228
0.0216601
0.0216601
0.0217995
0.0218704
0.0220345
0.0220345
0.0221301
0.0222255
0.0222255
0.0223271
0.0223271
0.0224339
0.0224889
0.0226582
0.0226582
0.0227699
0.0228805
0.0228805
0.0231561
0.023317
0.0233556
0.0233941
0.023472
0.023472
0.0235476
0.023622
0.0236607
0.0237753
0.0238164
0.0238574
0.0238986
0.0239396
0.0240236
0.0240659
0.0241071
0.0243444
0.0243867
0.024409
0.0244294
0.0244513
0.0244513
0.0244959
0.0245618
0.024583
0.0246035
0.0246464
0.0246464
0.0246855
0.0247256
0.0247256
0.0248069
0.0248451
0.0248628
0.0248806
0.0248872
0.0248836
0.0248836
0.0248804
0.0248687
0.0248649
0.0248594
0.0248558
0.0248521
0.0248411
0.0248411
0.02483
0.0248255
0.0248087
0.0248087
0.0247978
0.0247885
0.0247885
0.0247605
0.0247605
0.0247076
0.024682
0.0246004
0.0246004
0.0245465
0.0245203
0.0244954
0.0244702
0.0244458
0.0244205
0.0243699
0.024344
0.0242229
0.0241737
0.0241297
0.0240845
0.0240398
0.0239944
0.0238623
0.0238172
0.0237728
0.023683
0.023683
0.0235937
0.0235937
0.0235065
0.0234621
0.0233295
0.0232868
0.023243
0.0232002
0.0231349
0.0230071
0.0229426
0.0228803
0.0226366
0.0225772
0.0225171
0.022457
0.0223951
0.0223319
0.022208
0.0221457
0.0220847
0.0219056
0.0218454
0.0217634
0.0216812
0.0215168
0.0215168
0.0213549
0.0213549
0.021192
0.02087
0.0207913
0.0207117
0.0205555
0.0204774
0.0204005
0.0202491
0.0199935
0.0198944
0.0197957
0.019605
0.019605
0.0194188
0.0193285
0.0192392
0.0188896
0.0188024
0.0186291
0.0186291
0.0184562
0.0183719
0.0182868
0.0181859
0.0180717
0.017622
0.0110631
0.0110631
0.0110631
0.0110631
0.0110631
0.0110631
0.0110631
0.0110631
0.0110631
0.0110631
0.0110631
0.0110631
0.0110631
0.0110631
0.0110631
0.0110631
0.0110631
0.0105283
0.0104031
0.0102827
0.0100518
0.00994265
0.00983749
0.00973645
0.00938064
0.00923844
0.0089533
0.0089533
0.0086847
0.0086847
0.00593797
0.00592238
0.00591903
0.00591903
0.00592948
0.00592948
0.00595315
0.00598867
0.00598867
0.00603587
0.00624775
0.00634286
0.00644866
0.00662379
0.00662379
0.00667014
0.00676347
0.00676347
0.00708353
0.00718957
0.00742981
0.00756359
0.00770504
0.00791659
0.00791659
0.00805545
0.0083348
0.00844488
0.00856256
0.00941776
0.00985088
0.00985088
0.0100828
0.0102079
0.0103397
0.0104769
0.0106203
0.0107693
0.0110834
0.0115913
0.0117057
0.011823
0.0119473
0.0120768
0.0123518
0.0124959
0.012644
0.0132786
0.0134459
0.0136181
0.0139498
0.014078
0.0142098
0.0144853
0.0144853
0.0153978
0.0155596
0.015893
0.0160644
0.0162366
0.0164117
0.0165475
0.0169715
0.0171196
0.0174241
0.0174241
0.0177378
0.0180576
0.0180576
0.018383
0.0188874
0.0190595
0.0192332
0.0195358
0.0195358
0.0198323
0.0201341
0.0202855
0.0207474
0.020903
0.0210582
0.0212145
0.021371
0.021528
0.0216851
0.0220022
0.0220022
0.0226369
0.0226369
0.022776
0.0230551
0.0231953
0.023337
0.0234782
0.0237645
0.0239092
0.0243416
0.0243416
0.0247737
0.0247737
0.0250636
0.0250636
0.0253561
0.0255017
0.0256479
0.0261907
0.0263185
0.0264464
0.0264464
0.0267039
0.0268327
0.0269617
0.0270911
0.0272199
0.0276048
0.0276048
0.0278631
0.027994
0.0281253
0.0283875
0.0285182
0.0286474
0.0291654
0.0291654
0.0294024
0.0295176
0.0296333
0.0298632
0.0298632
0.030091
0.0302033
0.0306493
0.0307608
0.0308726
0.0309846
0.031539
0.031539
0.0318656
0.0319735
0.03208
0.0322808
0.0322808
0.0324647
0.0326485
0.0326485
0.0330057
0.0330057
0.0332687
0.0332687
0.0334415
0.0334415
0.033614
0.033614
0.0337849
0.0340357
0.0341191
0.0342023
0.0342853
0.034358
0.034493
0.0345606
0.0346268
0.034892
0.0349584
0.0350897
0.0350897
0.0352175
0.0352175
0.0353432
0.0353432
0.0354634
0.0356411
0.0356994
0.0358135
0.0358579
0.0359012
0.0359867
0.0359867
0.0360714
0.0361981
0.0362404
0.0362812
0.036321
0.0363624
0.0364443
0.0364847
0.0365242
0.0366861
0.0366861
0.0367754
0.0373201
0.0373247
0.0373247
0.0373295
0.0373349
0.0373349
0.0373404
0.0373458
0.0373458
0.0373509
0.0373294
0.0373193
0.0373084
0.0372407
0.0371889
0.0371764
0.0371515
0.0371515
0.0371286
0.0371173
0.037107
0.0370953
0.0370715
0.03698
0.0369558
0.0369309
0.0369048
0.0368526
0.0368526
0.0367987
0.0367702
0.0366842
0.0366842
0.0366243
0.0365944
0.0365631
0.0365322
0.0365025
0.0364707
0.0364267
0.0363819
0.0361995
0.0361533
0.0360623
0.0360623
0.0359689
0.0359212
0.0358748
0.0356161
0.035576
0.0354945
0.0354945
0.0354024
0.0353463
0.0351118
0.0350496
0.0349233
0.0349233
0.0348006
0.0347394
0.0346781
0.0346172
0.0343727
0.0343092
0.0342443
0.0341781
0.0341106
0.0340422
0.0339012
0.0338187
0.0337364
0.0334233
0.0333473
0.0332716
0.0332716
0.0331171
0.0330382
0.032959
0.0328792
0.0325611
0.0324825
0.0323274
0.0323274
0.0321742
0.0320985
0.0319226
0.0319226
0.0315515
0.0314586
0.0313668
0.0312759
0.0311859
0.0310966
0.0309228
0.0309228
0.0307499
0.0304932
0.030408
0.0303245
0.0301602
0.0301602
0.029991
0.0298001
0.0298001
0.0294236
0.0293299
0.0292363
0.0291421
0.0289574
0.0289574
0.0287742
0.0286845
0.0285948
0.0283263
0.028237
0.0277539
0.0275478
0.0275478
0.0271363
0.0271363
0.026837
0.026837
0.0266462
0.0265523
0.02646
0.0263687
0.0260086
0.025899
0.025682
0.025574
0.0253628
0.0253628
0.0251521
0.0247287
0.0247287
0.0245227
0.0244228
0.0243254
0.0242291
0.0241335
0.0239416
0.0239416
0.0234596
0.0234596
0.0231121
0.0231121
0.0228917
0.0227825
0.0226741
0.0224553
0.0221344
0.0220319
0.0219323
0.0217326
0.0217326
0.0214877
0.0214877
0.0212413
0.0211186
0.0207601
0.0207601
0.0205305
0.0204176
0.0203046
0.0201917
0.0200798
0.019969
0.0197538
0.0193994
0.0192695
0.0191401
0.0188849
0.0188849
0.0186386
0.0185192
0.018402
0.0179527
0.0179527
0.0177382
0.0176348
0.0174206
0.0172867
0.0165124
0.0163897
0.0156975
0.015592
0.0154897
0.0149836
0.0148485
0.014716
0.0145861
0.0144592
0.0143372
0.0141018
0.0141018
0.0136633
0.0136633
0.013467
0.0133754
0.0131115
0.0131115
0.0128499
0.0127215
0.0125953
0.0121359
0.0120314
0.0119296
0.0117372
0.0117372
0.0115637
0.0114616
0.0113278
0.0108264
0.0107085
0.0105942
0.0103807
0.0102811
0.0101862
0.0100134
0.00993574
0.00964173
0.00951679
0.00939687
0.0092821
0.00906865
0.00897176
0.00888038
0.00858105
0.00858105
0.00852108
0.00842159
0.00835791
0.0082461
0.0081411
0.00795411
0.00787243
0.00767404
0.00762506
0.00758227
0.00754975
0.00752487
0.0075096
0.00750362
0.0075223
0.00745795
0.00727319
0.00724075
0.00723936
0.00726691
0.00729659
0.00733521
0.00738319
0.00757991
0.0075776
0.00757887
0.00761053
0.00764016
0.00767865
0.00778271
0.00778271
0.00809281
0.00818954
0.00829252
0.00840276
0.00851974
0.00860851
0.0086628
0.00879584
0.00879584
0.00914543
0.00914543
0.00947512
0.00947512
0.00972294
0.00972294
0.00999203
0.0101343
0.0105967
0.0107016
0.0108133
0.0110536
0.0111817
0.011315
0.011595
0.011595
0.0122045
0.0122045
0.0126979
0.0126979
0.0129714
0.0129714
0.0132367
0.0133742
0.0135143
0.0141045
0.0142606
0.0144183
0.0145788
0.0149036
0.0149036
0.0152356
0.0154059
0.0158871
0.0158871
0.0160268
0.0163095
0.0164546
0.016602
0.0167529
0.0170592
0.0170592
0.0176786
0.0178386
0.0186584
0.0189726
0.0189726
0.0195441
0.0196922
0.0199887
0.0199887
0.0202868
0.0204374
0.0205895
0.0208951
0.0210487
0.0215084
0.0216618
0.0218168
0.021973
0.0222618
0.0222618
0.0225304
0.0230717
0.0232075
0.0233455
0.0234815
0.023619
0.0238935
0.0238935
0.0241691
0.0247258
0.0248656
0.0250039
0.0251238
0.0252403
0.0253574
0.0255952
0.0255952
0.0258324
0.0261846
0.0263002
0.026418
0.026536
0.0272626
0.0277001
0.0279095
0.0279095
0.0279095
0.0320415
0.0321205
0.0321988
0.0323545
0.0324336
0.0325136
0.0325947
0.0327614
0.0328452
0.0330632
0.0331294
0.0332624
0.0332624
0.0333968
0.0333968
0.0335386
0.0336108
0.03383
0.0339015
0.0339716
0.0340417
0.0341109
0.0342519
0.0342519
0.0343817
0.0344389
0.0346685
0.0347253
0.0347814
0.0348968
0.0349545
0.035011
0.0350691
0.0351853
0.0353007
0.0354147
0.0354712
0.0355263
0.035569
0.0356549
0.0356991
0.0357428
0.0359148
0.0359561
0.0359971
0.0360369
0.0361145
0.0361145
0.0361903
0.0362285
0.0363369
0.0363369
0.0363863
0.0364093
0.0364323
0.0364544
0.0364748
0.0365121
0.0365121
0.0366286
0.0366716
0.0366947
0.0367174
0.0367402
0.0367499
0.0367554
0.0367719
0.0367762
0.0367878
0.0367878
0.0368053
0.0368159
0.036827
0.0368411
0.0368909
0.0368908
0.0368823
0.0368823
0.0368643
0.0368564
0.0368481
0.0368401
0.0368228
0.036821
0.0368195
0.0368179
0.0368161
0.0368131
0.036803
0.0366998
0.0366998
0.0366584
0.0362599
0.0362259
0.0362259
0.0361913
0.0361913
0.0361573
0.0360597
0.0359991
0.0359403
0.0359126
0.035886
0.0358606
0.0358367
0.0357952
0.0356376
0.0356009
0.0355643
0.03553
0.0329925
0.032931
0.0328694
0.0299441
0.0298568
0.0297695
0.0295095
0.0294236
0.0293388
0.0292534
0.0291669
0.0289937
0.0289937
0.0288202
0.0285557
0.0283792
0.0282905
0.0282012
0.028111
0.02802
0.0278048
0.0278048
0.027375
0.0272677
0.0271596
0.0267257
0.0265073
0.0263971
0.0259595
0.0258503
0.0256251
0.0256251
0.0253647
0.0253647
0.0251034
0.0249729
0.0245817
0.0244522
0.0243229
0.0241956
0.0240679
0.0239401
0.0238145
0.0235619
0.0235619
0.0230681
0.0229259
0.0227817
0.0226396
0.022354
0.0222138
0.0220728
0.0219321
0.0217935
0.0207022
0.0207022
0.0204344
0.0202761
0.0201198
0.0195072
0.0193567
0.0192059
0.019057
0.0187623
0.0186177
0.0184757
0.0183346
0.0179219
0.0177868
0.0174675
0.0173033
0.0171399
0.0169798
0.0168209
0.0165094
0.0163552
0.015611
0.0153278
0.0151902
0.015036
0.0148586
0.0146835
0.0141671
0.0138356
0.0136732
0.0136732
0.013359
0.0130562
0.0130562
0.0127655
0.012313
0.0121294
0.0117719
0.0115973
0.0114263
0.011258
0.0109302
0.0109302
0.0103148
0.0101706
0.0098965
0.0098965
0.00953713
0.00934547
0.00915787
0.00879668
0.00828545
0.0081266
0.0078284
0.00769008
0.0075591
0.00743576
0.00732064
0.00693616
0.00638691
0.00621809
0.0060571
0.0057603
0.0057603
0.00550456
0.00550456
0.0052971
0.00521175
0.0048986
0.00472745
0.00441961
0.00428521
0.00416501
0.00406113
0.0039748
0.00385407
0.00382402
0.00385537
0.00390705
0.00392777
0.00384408
0.00373934
0.00371893
0.00372153
0.00395277
0.00418601
0.00482349
0.00495368
0.00495368
0.0053501
0.00562704
0.00578136
0.00594646
0.00612085
0.00630326
0.00668976
0.00668976
0.00735543
0.00749375
0.00764
0.00795596
0.00812398
0.00829652
0.00847558
0.00865925
0.00884987
0.00965664
0.00986638
0.0100452
0.0103593
0.0105248
0.0106951
0.0108697
0.0115979
0.0117874
0.0119811
0.0121767
0.0125723
0.0125723
0.0129736
0.013153
0.0138139
0.0139866
0.0141614
0.0143381
0.0145174
0.0148852
0.0148852
0.0152613
0.0154522
0.0160343
0.0160343
0.016427
0.016427
0.0167632
0.0169313
0.0172699
0.0172699
0.0176136
0.0181387
0.0184937
0.0186718
0.0190307
0.0192112
0.0193922
0.0195733
0.0203044
0.0204671
0.0206302
0.0207943
0.0211223
0.0217827
0.0224531
0.0226205
0.0229545
0.0231221
0.0232891
0.0236249
0.0236249
0.0242941
0.024443
0.0245913
0.0247401
0.0250397
0.0251909
0.0262549
0.0264049
0.0265568
0.0267088
0.0270138
0.0270138
0.0273176
0.0279141
0.0279141
0.0281788
0.0283131
0.0284471
0.0285797
0.0287132
0.0288455
0.0291058
0.029491
0.0296182
0.0297453
0.0299995
0.0299995
0.0302532
0.0303794
0.0305045
0.0310019
0.0312471
0.0313551
0.0313551
0.0337473
0.0337473
0.0338362
0.0338362
0.0339228
0.0339228
0.0340097
0.0340958
0.0340958
0.0341821
0.0342677
0.0342677
0.0343537
0.0347784
0.0348624
0.0349456
0.0350285
0.0353504
0.0355653
0.0356314
0.0357653
0.0357653
0.0358973
0.0359634
0.0360288
0.0360936
0.0363462
0.0364726
0.0365358
0.0365358
0.0366615
0.0367252
0.0367886
0.0368506
0.0370444
0.0370913
0.037183
0.037183
0.037272
0.0373177
0.0373637
0.0374569
0.0375975
0.0376449
0.0376929
0.0377836
0.0377836
0.0378521
0.0378521
0.0379107
0.0379385
0.0380516
0.0380814
0.0381127
0.0381437
0.0382091
0.0382418
0.0382743
0.0383079
0.0384163
0.0384343
0.038451
0.0384684
0.0384857
0.0385158
0.0385309
0.0385454
0.0386027
0.0386171
0.0386321
0.0386462
0.038674
0.038674
0.0386994
0.0387124
0.0387123
0.0387165
0.0387193
0.0387193
0.0387191
0.0387183
0.0387153
0.0387153
0.0387107
0.0387029
0.0386864
0.03867
0.0386048
0.0385884
0.0385729
0.0385432
0.0385275
0.0385118
0.0384948
0.0384253
0.0384072
0.038387
0.0383656
0.038331
0.0382585
0.0382585
0.0381843
0.0380409
0.0380058
0.0379713
0.0379367
0.0379028
0.0378708
0.0378377
0.0377711
0.0377711
0.0376385
0.0376022
0.0375602
0.0375104
0.037411
0.037362
0.0373122
0.037213
0.0370119
0.0369617
0.0369101
0.035798
0.0355896
0.0355207
0.035452
0.035313
0.0352442
0.0347297
0.0345571
0.0345571
0.0343826
0.0342943
0.0342072
0.0340328
0.0340328
0.0336883
0.0336024
0.0335177
0.0334336
0.0332642
0.0331803
0.0330969
0.0323603
0.032267
0.0321727
0.0319839
0.0319839
0.0317933
0.0315144
0.0314229
0.0313327
0.0312427
0.031153
0.0309729
0.0309729
0.0307707
0.0306623
0.0303426
0.0302395
0.0301381
0.0300373
0.0299376
0.029739
0.0296389
0.02954
0.0294413
0.0291491
0.0290544
0.0289605
0.0287592
0.0287592
0.0285443
0.0284363
0.0283269
0.0282163
0.0278879
0.0277805
0.0276753
0.0274687
0.0274687
0.0272663
0.0271633
0.027061
0.0266222
0.0264999
0.0262603
0.0262603
0.026026
0.026026
0.0257968
0.0256824
0.0255684
0.0250153
0.0248068
0.0247029
0.0246017
0.0244941
0.0242473
0.0237642
0.0236441
0.0235258
0.0234075
0.0199459
0.0195451
0.0194123
0.0192819
0.0120024
0.0118125
0.0118125
0.011688
0.011688
0.011547
0.011547
0.0114113
0.0114113
0.0112793
0.0111523
0.0111523
0.0110299
0.0110299
0.0109117
0.0105868
0.0104882
0.010395
0.0102267
0.0101513
0.0100806
0.00997664
0.00985133
0.00973218
0.00941152
0.00914239
0.00914239
0.00899195
0.00899195
0.00886964
0.00886964
0.00877508
0.00856284
0.00846821
0.00837909
0.00829854
0.00822602
0.00810448
0.00805595
0.00801242
0.00797703
0.00792192
0.00793025
0.00786616
0.00780579
0.00770698
0.00770698
0.00764175
0.00764175
0.00761354
0.00762646
0.00764634
0.00767519
0.00771278
0.00775861
0.0077873
0.00774934
0.00774221
0.00776991
0.00776991
0.00787439
0.00787439
0.00797978
0.00804268
0.00811133
0.00826753
0.00833073
0.00840924
0.00844959
0.00849688
0.00855035
0.00891748
0.00921061
0.00943063
0.00960019
0.00960019
0.00973936
0.00990088
0.00990088
0.0102858
0.0102858
0.0105095
0.0106275
0.0107496
0.0108754
0.0110049
0.0112777
0.0112777
0.0116868
0.0120176
0.0121368
0.0122597
0.015458
0.015458
0.0156065
0.0156065
0.0157567
0.0159088
0.0159088
0.0160614
0.0164805
0.0166087
0.0168715
0.0170057
0.0171406
0.0174143
0.0174143
0.0176946
0.0181287
0.0182755
0.0191764
0.0193057
0.0198303
0.0199634
0.0202328
0.0202328
0.0205047
0.0205047
0.0207766
0.0207766
0.02105
0.0216092
0.0217507
0.0218934
0.0220353
0.022177
0.0223066
0.0225513
0.0225513
0.0230532
0.0230532
0.0232979
0.0234181
0.0235374
0.0236575
0.0237787
0.0239012
0.0240244
0.0241482
0.0245166
0.0248711
0.0248711
0.0250728
0.0250728
0.0252786
0.0253837
0.0254884
0.0260972
0.0262009
0.0263052
0.0264106
0.0266213
0.0266213
0.0270328
0.0270328
0.0273377
0.0284671
0.0285717
0.0285717
0.0287816
0.0288857
0.0289903
0.0290929
0.0291956
0.0295042
0.0296073
0.0298158
0.0298158
0.0300287
0.0301345
0.0302396
0.0303461
0.0304519
0.0307656
0.0308693
0.0309738
0.0310787
0.0312894
0.0312894
0.0314995
0.0316028
0.031706
0.0321203
0.035193
0.035193
0.0352965
0.0352965
0.0353994
0.0356971
0.0356971
0.0358934
0.0358934
0.0359907
0.0359907
0.0360894
0.0361887
0.0361887
0.0362896
0.0363907
0.0363907
0.0364935
0.0364935
0.036597
0.0369072
0.0370089
0.0372108
0.0373098
0.0375085
0.0375085
0.03771
0.03771
0.0381206
0.0381206
0.0383304
0.038435
0.0385399
0.0386427
0.0388471
0.0388471
0.0390513
0.0393532
0.0394567
0.0395618
0.0397728
0.0397728
0.039986
0.039986
0.0401998
0.0403064
0.0406253
0.0406253
0.0407306
0.0409391
0.0410437
0.0411484
0.0412523
0.0413558
0.0414614
0.0415689
0.0418939
0.0420024
0.04211
0.0422177
0.0423243
0.0428537
0.0431683
0.043274
0.043381
0.0435975
0.0435975
0.0438177
0.0438177
0.0440435
0.0444944
0.0444944
0.0447222
0.0448362
0.0450652
0.0450652
0.0452951
0.0452951
0.0455256
0.0459853
0.0460997
0.0462143
0.0462143
0.0464412
0.0465555
0.0466691
0.0467831
0.0472309
0.0473427
0.0474546
0.0475669
0.0476806
0.0477926
0.0480162
0.0481292
0.0482414
0.0486966
0.0488111
0.0489258
0.0490407
0.04927
0.04927
0.0502071
0.0503271
0.0503271
0.0505654
0.0506849
0.050804
0.0510461
0.0511683
0.0515326
0.0516537
0.0517747
0.0518956
0.0521387
0.0521387
0.0523832
0.0525056
0.0528701
0.0528701
0.0532317
0.0532317
0.0534706
0.0535891
0.0537081
0.0538273
0.0545458
0.0546665
0.0549088
0.0549088
0.055151
0.0552726
0.0553942
0.0558886
0.0560147
0.0562664
0.0563929
0.0565204
0.0566477
0.0567763
0.0569045
0.0574131
0.0575393
0.0576663
0.0577917
0.0579165
0.0581647
0.0582883
0.0584115
0.0587806
0.0589021
0.0590239
0.0591461
0.0592681
0.0595111
0.0595111
0.0597519
0.0597519
0.0602396
0.0603609
0.0606063
0.0606063
0.0608524
0.0608524
0.0617303
0.0618565
0.0619834
0.0622369
0.0622369
0.0624916
0.0626188
0.0627453
0.0632511
0.0633759
0.0635008
0.0636251
0.0638721
0.0639953
0.064118
0.0642407
0.0647312
0.0647312
0.0649733
0.0650936
0.0652126
0.0653317
0.0655697
0.0655697
0.0658091
0.0661672
0.0662865
0.0670005
0.0670005
0.0671201
0.0676008
0.0677206
0.0678386
0.0680744
0.068191
0.068307
0.0685384
0.0685384
0.0689917
0.0689917
0.0692147
0.0693247
0.0694345
0.0695438
0.0696514
0.0698652
0.0699708
0.0702841
0.0703865
0.0705903
0.0705903
0.0707895
0.070888
0.0709866
0.0710842
0.0714705
0.0715662
0.0716613
0.0717561
0.0718501
0.0719435
0.0721278
0.0721278
0.0723103
0.072581
0.0726707
0.0727602
0.072939
0.072939
0.0731165
0.0731165
0.0732933
0.0733819
0.0736429
0.0736429
0.0738138
0.0739002
0.0739849
0.0740699
0.0741556
0.0742408
0.0743267
0.0744116
0.0747427
0.0748243
0.0749053
0.0749851
0.0751401
0.0752163
0.0752924
0.0755851
0.0756561
0.0757929
0.0757929
0.0759249
0.0759249
0.0763459
0.0764028
0.0777932
0.0778389
0.0778389
0.0778837
0.0778837
0.0779282
0.0779282
0.0779717
0.0780139
0.0780139
0.0780552
0.0781758
0.0782147
0.0784761
0.0784761
0.0786295
0.0786662
0.0787397
0.0787397
0.0788125
0.0788505
0.0788876
0.0789641
0.0790804
0.0791187
0.0791565
0.0792316
0.0792316
0.079305
0.079305
0.0793774
0.079412
0.0795178
0.0795178
0.0795867
0.0796215
0.0796555
0.0796896
0.0797236
0.0797579
0.0797919
0.0798589
0.079954
0.0799834
0.0800129
0.0800419
0.0800996
0.0800996
0.0801564
0.0801844
0.080349
0.0803766
0.0804041
0.0804308
0.0804585
0.0804859
0.0805973
0.0806253
0.0806802
0.0806802
0.0807323
0.0807579
0.0807823
0.0808067
0.0808285
0.0808896
0.0808896
0.0809244
0.0809406
0.0809686
0.0809803
0.0809916
0.0810014
0.0810099
0.08103
0.0810364
0.0810431
0.0810486
0.0810598
0.0810598
0.0810711
0.0810758
0.0810813
0.0811042
0.0811101
0.081116
0.0811225
0.0811361
0.0811361
0.0811508
0.0811508
0.0811839
0.0811913
0.0811985
0.0812053
0.0812105
0.0812151
0.0812196
0.0812265
0.0812265
0.0812427
0.0812427
0.0812536
0.0812536
0.0812588
0.0812588
0.0812485
0.0812441
0.0812129
0.0812058
0.0811976
0.0811888
0.0811622
0.0811314
0.0811314
0.0811094
0.0810979
0.0810859
0.0810619
0.0810235
0.0810104
0.0809973
0.0809837
0.0809698
0.0809436
0.0809303
0.0809161
0.0809019
0.080846
0.0808319
0.0808177
0.0807881
0.0807881
0.0807594
0.0807594
0.080729
0.08067
0.0806555
0.0806415
0.0806275
0.0805989
0.0805989
0.0805699
0.080555
0.0804966
0.0804816
0.0804668
0.0804378
0.0804227
0.0804076
0.0803924
0.0803775
0.0803328
0.0803328
0.0803054
0.080292
0.0802787
0.0802662
0.0802546
0.0802434
0.0802434
0.0802217
0.0801932
0.0801837
0.0801738
0.0801548
0.0801548
0.0801374
0.0801374
0.0801201
0.0801115
0.0800861
0.0800861
0.0800693
0.0800693
0.0800539
0.0800139
0.0799913
0.079983
0.079974
0.0799565
0.0799565
0.0799396
0.0798711
0.0798606
0.0798401
0.0798301
0.0798199
0.0798099
0.0798002
0.0797909
0.079754
0.0797448
0.0797279
0.0797279
0.0797114
0.0797114
0.0796942
0.0796858
0.0796604
0.0796604
0.0796419
0.0796223
0.0796223
0.0796034
0.0796034
0.079584
0.079563
0.079533
0.079523
0.0795128
0.079502
0.0794811
0.0794811
0.0794609
0.0794221
0.079413
0.0793941
0.0793941
0.0793751
0.0793661
0.0793578
0.0793498
0.0793178
0.0793091
0.079293
0.079293
0.0792769
0.0792685
0.0792596
0.0792412
0.0792137
0.0792044
0.0791948
0.0791851
0.0791755
0.0791556
0.0791454
0.0791349
0.0791244
0.0790628
0.0790521
0.0790417
0.079021
0.079021
0.0789995
0.0789539
0.0789426
0.0789311
0.0789196
0.0788964
0.0788852
0.0788743
0.0788302
0.0788302
0.0788091
0.0787991
0.0787788
0.0787685
0.0787581
0.0787478
0.0787379
0.0787094
0.0786906
0.0786811
0.0786714
0.0786521
0.0786521
0.0786427
0.0786335
0.0786239
0.0785834
0.0785724
0.0785613
0.0785382
0.0785265
0.0785146
0.0784902
0.0784519
0.0784391
0.0784263
0.0784014
0.0784014
0.0783762
0.0783762
0.0783508
0.0783379
0.0782878
0.0782753
0.0782629
0.0782375
0.0782247
0.0781739
0.0781486
0.078123
0.078123
0.0781098
0.078083
0.0780695
0.0780561
0.0780426
0.0780293
0.0779891
0.0779891
0.0779622
0.0779359
0.077923
0.0778975
0.0778847
0.0778331
0.0778065
0.0777933
0.0777667
0.0772525
0.0772525
0.0772525
0.0772525
0.0772525
0.0772525
0.0772525
0.0772525
0.0772525
0.0772525
0.0772525
0.0772156
0.0772156
0.0772032
0.0771907
0.0771907
0.0771785
0.0771664
0.0771664
0.0771546
0.0771546
0.0771427
0.0771309
0.0771309
0.0771192
0.0771192
0.0771071
0.0770708
0.0770589
0.0770356
0.0770239
0.0770007
0.0769893
0.0769781
0.0769669
0.0769241
0.0769134
0.0769024
0.076881
0.0768708
0.0768609
0.0768512
0.0768133
0.0768133
0.0767945
0.0767854
0.0767764
0.0766911
0.0766739
0.0766739
0.0766565
0.0766389
0.0766389
0.0766033
0.0765949
0.0765866
0.0765784
0.07657
0.0765617
0.0765532
0.0765362
0.0765278
0.076503
0.076503
0.0764867
0.0764707
0.0764707
0.0764543
0.0764543
0.0764382
0.0764081
0.076401
0.0763942
0.0763874
0.0763806
0.0763739
0.0763671
0.0763536
0.0763536
0.0763272
0.0763207
0.0763073
0.0763073
0.0762931
0.0762856
0.0762778
0.0762697
0.0762617
0.0762261
0.0762164
0.0761962
0.0761962
0.0761752
0.0761752
0.0761542
0.0761098
0.0760979
0.076086
0.0760739
0.076062
0.0760502
0.0760266
0.0760149
0.0760029
0.0759546
0.0759424
0.07593
0.07593
0.075881
0.0758688
0.0758566
0.0757973
0.0757745
0.0757745
0.0757517
0.0757405
0.0757291
0.0757182
0.075676
0.075666
0.0756459
0.0756459
0.075626
0.0756161
0.0756065
0.0755681
0.0755585
0.0755396
0.0755303
0.075521
0.0755115
0.0754926
0.0754926
0.0754547
0.0754451
0.0754355
0.0754263
0.0754079
0.0754079
0.0753896
0.0753806
0.0753716
0.0753362
0.0753183
0.0753183
0.0753004
0.0752914
0.0752824
0.0752735
0.0752386
0.07523
0.0752213
0.0752127
0.075204
0.075187
0.0751786
0.07517
0.0751364
0.075128
0.0751195
0.075103
0.075103
0.0750865
0.0750784
0.0750621
0.0750382
0.0750302
0.0750222
0.0750062
0.0750062
0.0749902
0.0749743
0.0749666
0.0749428
0.0749428
0.0749024
0.074894
0.0748767
0.0748767
0.0748405
0.0748314
0.0748129
0.0748129
0.0747942
0.0747847
0.0747655
0.0747655
0.0747272
0.0747175
0.0746981
0.0746981
0.0746785
0.0746686
0.0746587
0.074639
0.0746096
0.0745895
0.0745794
0.0745694
0.0745591
0.0745387
0.0745387
0.0745186
0.07448
0.0744708
0.0744615
0.0744337
0.0744154
0.0744154
0.0743784
0.0743694
0.0743605
0.0743516
0.0743427
0.0743246
0.074271
0.0742621
0.0742532
0.0742445
0.0742357
0.0742184
0.0742184
0.0742011
0.0741924
0.074165
0.074165
0.0741463
0.0741368
0.0741276
0.0741182
0.0740997
0.0740903
0.0740813
0.0740456
0.0740369
0.074028
0.074028
0.0740104
0.0739429
0.0739345
0.0739259
0.0739177
0.0737036
0.0736961
0.0736885
0.0736657
0.0736579
0.0736501
0.0736422
0.0736267
0.0736189
0.0736113
0.0735812
0.0735738
0.0735666
0.0735591
0.0735521
0.0735383
0.0735317
0.0735252
0.0735002
0.0734944
0.0734887
0.0734835
0.0734782
0.0734729
0.0734632
0.0734632
0.0734539
0.073436
0.0734313
0.0734268
0.0734171
0.0734121
0.0734021
0.0734021
0.0733813
0.0733759
0.0733705
0.0733596
0.0733539
0.0733484
0.0733427
0.0733314
0.0733035
0.0732926
0.0732926
0.0732815
0.0732704
0.0732648
0.0732484
0.0732427
0.0732369
0.0732256
0.0732256
0.0732145
0.0732039
0.0732039
0.0731823
0.0731766
0.0731707
0.0731648
0.0731525
0.0731463
0.0731211
0.0731087
0.0730965
0.0728456
0.0728367
0.0728277
0.0728096
0.0728096
0.0727825
0.0727825
0.0727648
0.0727557
0.0727287
0.0727196
0.0727105
0.0726924
0.0726834
0.0726745
0.0726653
0.0726563
0.0726292
0.0726202
0.0725757
0.0725665
0.0725575
0.0725484
0.0725209
0.072493
0.0724837
0.0724746
0.0724563
0.0724471
0.0724381
0.0724017
0.0723927
0.0723839
0.072375
0.0723661
0.0723573
0.0723394
0.0723394
0.072304
0.0722952
0.0722864
0.0722776
0.0722687
0.0722597
0.0722507
0.0722331
0.0722242
0.072198
0.072198
0.0721807
0.0721723
0.0721639
0.0721555
0.0721472
0.0721308
0.0721308
0.0720978
0.0720895
0.0720814
0.0720652
0.072057
0.0720489
0.0720407
0.0720327
0.0720006
0.0719927
0.0719849
0.071969
0.0719611
0.071945
0.071945
0.0719289
0.0719046
0.0718966
0.0718886
0.0718408
0.0718329
0.0718089
0.0718007
0.0717848
0.0717768
0.0717691
0.0717181
0.071705
0.0716987
0.0716923
0.071686
0.0716738
0.0716738
0.0716618
0.0716384
0.0716327
0.0716271
0.0716214
0.0716104
0.0716049
0.0715995
0.0715941
0.0715716
0.071566
0.0715602
0.0715545
0.0715429
0.0715429
0.0715315
0.0715315
0.0715082
0.0715082
0.0714967
0.071491
0.0714852
0.0714737
0.0714737
0.0714622
0.0714622
0.0714396
0.0714396
0.0714281
0.0714223
0.0714165
0.0714108
0.0714051
0.0713937
0.0713937
0.0713708
0.0713708
0.0713597
0.0713485
0.0713429
0.0713374
0.0713317
0.0713261
0.0713207
0.071304
0.0712984
0.0712927
0.0712872
0.0712816
0.0712759
0.0712703
0.0712586
0.0712586
0.0712346
0.0712286
0.0712225
0.0712104
0.0712044
0.0711984
0.0711924
0.0711865
0.0711808
0.0711457
0.0711396
0.0711279
0.071122
0.0711161
0.0710925
0.0710867
0.071075
0.071075
0.0710636
0.0710577
0.0710519
0.071046
0.0710403
0.0710229
0.0710055
0.0710055
0.070994
0.070994
0.0709822
0.0709765
0.0709536
0.0709476
0.0709417
0.0709359
0.0709301
0.0709242
0.0709123
0.0709063
0.0709002
0.0708821
0.0708761
0.07087
0.0708638
0.0708577
0.0708516
0.070833
0.070808
0.070808
0.0708018
0.0707896
0.0707834
0.070771
0.0707649
0.0707589
0.0707351
0.0707292
0.0707175
0.0707175
0.0707059
0.0707
0.0706943
0.0706886
0.070666
0.0706603
0.0706547
0.0706493
0.0706437
0.0706379
0.0706325
0.0706215
0.0706215
0.0705995
0.0705995
0.0705719
0.0705607
0.0705551
0.0705497
0.0705331
0.0705276
0.0705169
0.0705169
0.0705062
0.0705008
0.0704955
0.070485
0.0704693
0.0704642
0.0704592
0.0704492
0.0704492
0.0704392
0.0704392
0.0704294
0.07041
0.07041
0.0704052
0.0703956
0.0703723
0.0703542
0.0703495
0.0703448
0.0703401
0.0703353
0.0703303
0.0703249
0.0703142
0.0703087
0.070292
0.070292
0.0702806
0.0702806
0.0702696
0.0702639
0.0702583
0.0702528
0.0702472
0.0702361
0.0702249
0.0702135
0.070208
0.0702022
0.0701966
0.0701909
0.0701794
0.0701736
0.070156
0.070156
0.0701503
0.0701385
0.0701325
0.0701266
0.0701206
0.0701087
0.0701029
0.0700793
0.0700734
0.0700676
0.0700617
0.0700386
0.0700386
0.0700327
0.0700152
0.0700094
0.0700036
0.0699978
0.0699916
0.0699798
0.0699738
0.0699679
0.0699618
0.0699316
0.0699254
0.0699191
0.0699058
0.0698989
0.069892
0.0698621
0.0698545
0.0698467
0.0698308
0.0698308
0.069815
0.069815
0.069799
0.0697673
0.0697594
0.0697513
0.0697353
0.0697274
0.0697193
0.0697112
0.0696954
0.0696716
0.0696637
0.0696562
0.0696488
0.0696416
0.0696277
0.069621
0.0696144
0.0696081
0.0695896
0.0695837
0.0695779
0.0695718
0.0695662
0.0695548
0.0695548
0.0695436
0.069538
0.0695162
0.0695109
0.0695055
0.0694949
0.0694897
0.0694846
0.0694745
0.0694695
0.0694547
0.0694499
0.0694403
0.0694403
0.0694309
0.0694262
0.0694218
0.0693946
0.0693903
0.0693857
0.0693813
0.0693768
0.0693678
0.0693496
0.0693452
0.0693361
0.0693361
0.0693272
0.0693229
0.0693183
0.0693138
0.0693096
0.069292
0.0692875
0.0692833
0.0692789
0.0692701
0.0692701
0.0692616
0.0692447
0.0692447
0.0692365
0.0692284
0.0692243
0.0692202
0.0692122
0.0692122
0.0691965
0.0691965
0.0691888
0.0691849
0.0691812
0.0691773
0.0691736
0.0691661
0.0691623
0.0691587
0.0691478
0.0691442
0.0691405
0.0691367
0.0691331
0.0691295
0.069122
0.0691184
0.0691072
0.0691072
0.0690998
0.069096
0.0690923
0.0690883
0.0690844
0.0690766
0.0690766
0.069061
0.069061
0.0690489
0.0690282
0.0690241
0.0690114
0.069007
0.0689854
0.0689811
0.0689769
0.0689724
0.0689594
0.068955
0.0689462
0.068942
0.0689377
0.0689334
0.0689246
0.0689246
0.0689073
0.0689073
0.0689029
0.068894
0.0688895
0.0688804
0.0688804
0.0688714
0.068867
0.0688491
0.0688445
0.0688402
0.068832
0.0688281
0.0688243
0.0688171
0.0688071
0.0688039
0.0688008
0.0687977
0.0686959
0.0686959
0.0686959
0.0686959
0.0686959
0.0686959
0.0686959
0.0686959
0.0686959
0.0686959
0.0686959
0.0686831
0.0686831
0.0686787
0.0686743
0.06867
0.06867
0.0686656
0.0686656
0.0686613
0.0686613
0.0686569
0.0686569
0.0686526
0.0686483
0.0686483
0.0686439
0.068631
0.0686267
0.0686224
0.0686138
0.0686138
0.0685797
0.0685714
0.0685632
0.0685632
0.068555
0.0685469
0.0685431
0.0685315
0.0685278
0.0685241
0.0685204
0.0685167
0.0685094
0.0685094
0.0685018
0.0684875
0.0684838
0.0684803
0.0684734
0.0684698
0.0684664
0.068463
0.0684595
0.0684562
0.0684426
0.0684391
0.0684358
0.0684292
0.068426
0.0684225
0.0684158
0.0684058
0.0684024
0.0683991
0.0683958
0.0683926
0.0683859
0.0683826
0.0683793
0.0683761
0.0683624
0.068359
0.0683556
0.0683522
0.0683451
0.0683451
0.0683381
0.0683239
0.0683169
0.0683134
0.0683061
0.0683061
0.0682989
0.0682953
0.0682919
0.0682776
0.068274
0.0682706
0.0682706
0.0682635
0.0682567
0.0682567
0.0682499
0.0682325
0.0682258
0.068219
0.0681738
0.0681738
0.0681705
0.068161
0.0681578
0.0681547
0.0681485
0.0681485
0.0681422
0.0681422
0.0681361
0.0681241
0.068121
0.068118
0.0681121
0.0681091
0.0681063
0.0681032
0.0680972
0.0680884
0.0680854
0.0680823
0.0680794
0.0680764
0.0680706
0.0680706
0.0680648
0.0680648
0.0680531
0.0680531
0.0680474
0.0680444
0.0680415
0.0680385
0.0680327
0.0680298
0.0680268
0.0680148
0.0680116
0.0680086
0.0680056
0.0679997
0.0679997
0.0679935
0.0679811
0.0679656
0.0679592
0.0679561
0.0679428
0.0679396
0.0679226
0.0679194
0.0679158
0.0679124
0.0678987
0.0678952
0.0678917
0.0678884
0.0678815
0.0678781
0.0678745
0.0678598
0.0678559
0.0678521
0.0678443
0.0678404
0.0678364
0.0678323
0.0678282
0.0678201
0.067808
0.067804
0.0677998
0.0677957
0.0677914
0.0677832
0.0677792
0.0677623
0.067758
0.0677539
0.0677497
0.0677456
0.0677415
0.0677335
0.0677335
0.0677254
0.0677096
0.0677058
0.0677019
0.0677019
0.0676944
0.067687
0.067687
0.0676794
0.0676683
0.0676645
0.0676606
0.0676531
0.0676531
0.0676458
0.0676385
0.0676385
0.0676238
0.06762
0.0676165
0.0676127
0.0676091
0.0676055
0.0676018
0.0675944
0.0675944
0.0675798
0.0675761
0.0675688
0.0675688
0.0675616
0.0675472
0.0675328
0.0675293
0.0675223
0.0675223
0.0675154
0.0675085
0.0675085
0.0674946
0.0674946
0.0674879
0.0674846
0.0674813
0.0674779
0.0674745
0.0674678
0.0674678
0.0674547
0.0674547
0.0674481
0.067445
0.0674417
0.0674355
0.0674355
0.0674292
0.0674292
0.0674167
0.0674167
0.0674107
0.0674077
0.0674016
0.0674016
0.0673956
0.0673956
0.0673898
0.0673811
0.0673782
0.0673754
0.0673697
0.0673697
0.067364
0.067364
0.0673582
0.0673473
0.0673473
0.0673417
0.0673388
0.0673361
0.0673332
0.0673304
0.0673249
0.0673249
0.0673136
0.0673108
0.067308
0.0673053
0.0673026
0.0673
0.0672945
0.0672945
0.0672892
0.067281
0.0672783
0.0672755
0.0672728
0.0672702
0.0672674
0.0672648
0.0672622
0.0672593
0.0672435
0.0672408
0.0672381
0.0672356
0.0672302
0.0672302
0.0672252
0.0672174
0.0672122
0.0672096
0.0672068
0.0672039
0.067201
0.0671982
0.067192
0.0671823
0.0671791
0.0671758
0.0671725
0.0671692
0.0671624
0.0671591
0.0671524
0.0671524
0.0671394
0.0671227
0.067116
0.067116
0.0670631
0.0670565
0.0670565
0.0670531
0.0670531
0.06705
0.0670467
0.0670434
0.067037
0.0670336
0.067021
0.0670177
0.0670144
0.0669085
0.0669052
0.0669018
0.0667695
0.0667662
0.0667627
0.0666573
0.0666517
0.0666517
0.0665615
0.0665615
0.0665589
0.0665562
0.0665562
0.0665535
0.0665535
0.0665509
0.0665481
0.0665481
0.0665455
0.0665429
0.0665429
0.0665401
0.0665401
0.0665375
0.0665295
0.0665267
0.066524
0.0665185
0.0665157
0.0665129
0.0665074
0.0665074
0.0664958
0.0664928
0.0664899
0.0664868
0.0664838
0.0664808
0.0664777
0.0664715
0.0664685
0.0664591
0.0664591
0.0664527
0.0664495
0.0664462
0.066443
0.0664399
0.0664366
0.0664302
0.0664205
0.0664172
0.0664139
0.0664105
0.0664072
0.0664007
0.0664007
0.0663941
0.0663909
0.0663813
0.066378
0.0663749
0.0663716
0.0663683
0.0663651
0.066362
0.0663587
0.0663556
0.0663398
0.0663366
0.0663334
0.0663302
0.0663241
0.0663241
0.0663178
0.0663145
0.066305
0.0663018
0.0662987
0.0662955
0.066289
0.0662859
0.0662826
0.0662762
0.0662664
0.0662631
0.0662535
0.0662339
0.0662273
0.0662175
0.0662175
0.066211
0.0662077
0.0662043
0.066201
0.0661885
0.0661855
0.0661827
0.0661799
0.0661771
0.0661744
0.0661718
0.0661669
0.0661669
0.066157
0.066157
0.0661521
0.0661473
0.0661473
0.0661426
0.0661426
0.066138
0.0661288
0.0661265
0.0661242
0.0661219
0.0661197
0.0661173
0.0661151
0.0661111
0.0661111
0.0661047
0.0661035
0.066102
0.0660993
0.0660981
0.0660967
0.0660939
0.0660883
0.0660869
0.0660854
0.0660825
0.066081
0.0660795
0.0660779
0.0660762
0.0660745
0.0660698
0.0660681
0.0660597
0.0660561
0.0660561
0.0660487
0.0660451
0.0660432
0.0660413
0.0660373
0.0660373
0.0660333
0.0660314
0.0660255
0.0660233
0.0660191
0.0660191
0.0660148
0.0660106
0.0660106
0.0660061
0.0659924
0.0659902
0.0659879
0.0659831
0.0659712
0.0659687
0.0659664
0.0659615
0.0659615
0.0659568
0.0659568
0.0659518
0.0659493
0.0659418
0.0659392
0.0659367
0.0659341
0.065929
0.0659264
0.0659238
0.0659185
0.0659106
0.0659082
0.065906
0.0659017
0.0658999
0.0658982
0.0658966
0.065894
0.0658906
0.0658898
0.0658875
0.0658875
0.0658862
0.0658862
0.0658852
0.0658848
0.0658834
0.0658834
0.0658826
0.0658823
0.0658817
0.0658811
0.0658768
0.0658762
0.0658747
0.0658747
0.0658733
0.0658724
0.0658711
0.0658711
0.0658678
0.0658669
0.0658651
0.0658651
0.0658636
0.0658626
0.0658617
0.0658597
0.0658588
0.0658559
0.065855
0.0658531
0.0658524
0.0658514
0.0658504
0.0658495
0.0658486
0.0658459
0.065845
0.065844
0.0658423
0.0658413
0.0658404
0.0658395
0.0658386
0.0658376
0.0658346
0.0658336
0.0658316
0.0658316
0.0658295
0.0658295
0.0658275
0.0658254
0.0658224
0.0658224
0.0658202
0.0658181
0.0658171
0.0658161
0.0658152
0.0658133
0.0658106
0.0658096
0.0658088
0.065807
0.065807
0.0658052
0.0658052
0.0658035
0.0658025
0.0657997
0.0657989
0.065798
0.0657972
0.0657963
0.0657954
0.0657944
0.0657936
0.0657926
0.0657917
0.0657863
0.0657854
0.0657846
0.0657836
0.0657819
0.0657819
0.0657785
0.0657775
0.0657757
0.0657757
0.0657739
0.065773
0.065772
0.0657712
0.0657676
0.0657676
0.0657658
0.065765
0.0657641
0.0657632
0.0657625
0.0657608
0.0657608
0.0657575
0.0657566
0.065755
0.065755
0.0657532
0.0657517
0.0657517
0.0657499
0.0657467
0.0657458
0.0657451
0.0657451
0.0657434
0.0657418
0.0657418
0.0657403
0.0657377
0.0657369
0.0657361
0.0657353
0.0657345
0.0657328
0.065732
0.0657312
0.0657281
0.0657273
0.0657265
0.0657257
0.0657242
0.0657234
0.0657226
0.0657218
0.0657186
0.0657177
0.0657168
0.0657113
0.0657103
0.0657066
0.0657021
0.0657011
0.0657001
0.0656978
0.0656953
0.0656905
0.0656905
0.0656872
0.0656854
0.0656836
0.0656798
0.0656739
0.065672
0.065668
0.0656662
0.0656643
0.0656622
0.0656582
0.0656582
0.0656501
0.0656479
0.0656438
0.0656438
0.0656396
0.0656356
0.0656356
0.0656315
0.065625
0.0656228
0.0656207
0.0656187
0.0656166
0.0656123
0.0656123
0.0656081
0.065606
0.0656
0.0655961
0.065594
0.065594
0.06559
0.0655862
0.0655823
0.0655823
0.0655745
0.0655724
0.0655702
0.0655654
0.0655629
0.0655605
0.0655578
0.0655476
0.0655452
0.0655428
0.0655403
0.0655378
0.0655354
0.0655305
0.0655255
0.065518
0.0655156
0.0655131
0.0655107
0.0655083
0.0655058
0.0654866
0.0654841
0.0654817
0.0654794
0.065477
0.0654747
0.0654722
0.0654674
0.0654651
0.0654577
0.0654554
0.0654505
0.0654505
0.0654457
0.0654433
0.0654408
0.0654316
0.0654292
0.0654247
0.0654247
0.06542
0.0654178
0.0654154
0.0654108
0.065404
0.0654017
0.0653972
0.065395
0.065395
0.0653904
0.0653881
0.065386
0.0653769
0.0653747
0.0653725
0.0653703
0.0653679
0.0653634
0.0653634
0.0653609
0.0653585
0.0653585
0.0653559
0.0653484
0.0653458
0.0653408
0.0653383
0.0653358
0.0653334
0.0653285
0.0653261
0.0653189
0.0653189
0.0653141
0.0653118
0.0653095
0.0653071
0.0653049
0.0653026
0.0653005
0.0652983
0.0652917
0.0652895
0.0652853
0.0652853
0.0652809
0.0652788
0.0652768
0.0652746
0.0652625
0.0652606
0.0652077
0.0652059
0.0652059
0.0652041
0.0651988
0.0651932
0.0651349
0.0651331
0.0651314
0.0651314
0.0651296
0.0651296
0.0651279
0.0651279
0.0651261
0.0651242
0.0651242
0.0651224
0.0651224
0.0651206
0.0651206
0.0651187
0.065113
0.0651113
0.0651093
0.0651059
0.0651059
0.0651021
0.0651003
0.0650966
0.0650911
0.0650893
0.0650789
0.0650789
0.0650754
0.0650703
0.0650686
0.0650584
0.0650567
0.06505
0.0650484
0.0650453
0.0650453
0.0650421
0.0650406
0.0650391
0.0650363
0.0650318
0.0650292
0.0650271
0.0650271
0.0650255
0.0650249
0.0650243
0.0650238
0.0650221
0.0650213
0.0650206
0.0650198
0.0650192
0.0650179
0.0650179
0.0650165
0.0650157
0.0650135
0.0650135
0.0650119
0.0650102
0.0650102
0.0650086
0.0650086
0.0650071
0.0650064
0.0650042
0.0650042
0.0650034
0.0650018
0.0650011
0.0650004
0.0649997
0.064999
0.0649983
0.0649976
0.0649946
0.0649938
0.0649932
0.0649916
0.0649909
0.0649894
0.0649894
0.0649865
0.0649857
0.064985
0.0649844
0.0649837
0.0649801
0.0649782
0.0649775
0.0649768
0.0649754
0.0649754
0.0649739
0.0649732
0.0649725
0.0649697
0.0649691
0.0649678
0.0649678
0.0649665
0.0649658
0.0649652
0.0649646
0.0649621
0.0649615
0.06496
0.06496
0.0649587
0.0649587
0.0649574
0.0649568
0.064956
0.0649531
0.0649524
0.064951
0.064951
0.0649495
0.0649495
0.0649483
0.0649477
0.0649452
0.0649444
0.0649437
0.064943
0.0649417
0.0649417
0.0649401
0.0649375
0.0649367
0.0649352
0.0649352
0.0649339
0.064933
0.0649323
0.0649316
0.064931
0.064929
0.0649283
0.0649276
0.0649261
0.0649261
0.0649253
0.0649247
0.0649238
0.0649238
0.0649231
0.0649231
0.0649225
0.0649203
0.0649189
0.0649183
0.0649176
0.0649168
0.0649154
0.0649154
0.0649138
0.0649096
0.0649089
0.0649073
0.0649073
0.0649059
0.0649059
0.0649031
0.0649025
0.0649011
0.0649004
0.0648997
0.0648981
0.0648974
0.0648967
0.0648945
0.0648936
0.0648923
0.0648923
0.0648907
0.06489
0.0648893
0.0648877
0.0648855
0.0648846
0.064884
0.0648831
0.0648824
0.0648808
0.0648808
0.0648793
0.0648793
0.0648765
0.0648765
0.0648758
0.0648743
0.0648735
0.0648728
0.0648723
0.0648714
0.0648707
0.06487
0.0648668
0.0648661
0.0648645
0.0648645
0.0648629
0.064858
0.0648572
0.0648566
0.0648559
0.0648551
0.0648537
0.0648528
0.0648521
0.0648513
0.0648487
0.064848
0.0648471
0.0648455
0.0648455
0.0648439
0.0648423
0.0648423
0.064839
0.064839
0.0648375
0.0648359
0.0648352
0.0648343
0.0648337
0.0648321
0.0648298
0.064829
0.0648284
0.0648267
0.0648267
0.0648252
0.0648227
0.0648196
0.0648189
0.0648181
0.0648096
0.0648089
0.0648089
0.0648081
0.0648049
0.0648049
0.064804
0.0648019
0.0648013
0.0648005
0.0647991
0.0647991
0.0647976
0.0647976
0.0647963
0.0647956
0.0647933
0.0647933
0.0647925
0.0647912
0.0647905
0.0647897
0.064789
0.0647876
0.0647876
0.0647849
0.0647849
0.0647836
0.064783
0.0647824
0.0647818
0.0647812
0.0647798
0.0647798
0.0647772
0.0647772
0.0647759
0.0647752
0.0647746
0.0647739
0.0647733
0.0647727
0.0647721
0.0647692
0.0647692
0.064768
0.0647669
0.0647664
0.0647621
0.0647615
0.0647608
0.0647596
0.0647596
0.0647585
0.0647578
0.0647572
0.0647547
0.0647542
0.0647536
0.0647529
0.0647522
0.0647516
0.0647504
0.0647504
0.0647487
0.0647456
0.0647446
0.0647435
0.0647423
0.0647413
0.0647391
0.064737
0.064733
0.064732
0.064731
0.0647136
0.0647126
0.0647126
0.0647096
0.0647087
0.0647067
0.064706
0.0647042
0.0647042
0.0647024
0.0647024
0.064699
0.0646981
0.0646965
0.0646965
0.0646947
0.0646939
0.064693
0.0646921
0.0646913
0.0646889
0.064688
0.0646871
0.0646862
0.0646853
0.0646835
0.0646835
0.0646818
0.064681
0.064676
0.064675
0.0646733
0.0646733
0.0646715
0.0646715
0.064668
0.0646672
0.0646654
0.0646654
0.0646636
0.0646627
0.0646619
0.0646603
0.0646578
0.064657
0.0646561
0.0646553
0.0646545
0.0646528
0.0646528
0.0646512
0.0646477
0.064647
0.0646463
0.0646454
0.0646437
0.0646429
0.064642
0.0646412
0.0646381
0.0646381
0.0646366
0.0646358
0.0646349
0.0646285
0.0646277
0.064626
0.0646254
0.0646238
0.0646231
0.0646191
0.0646191
0.0646095
0.0646088
0.0646088
0.064608
0.0646072
0.0646072
0.0646065
0.0646057
0.0646057
0.0646051
0.0646044
0.0646044
0.0646036
0.0646014
0.064571
0.064571
0.064571
0.064571
0.064571
0.064571
0.064571
0.064571
0.064571
0.064571
0.064571
0.064571
0.064571
0.064571
0.064571
0.064571
0.0645704
0.0645692
0.0645686
0.0645679
0.0645679
0.0645672
0.0645672
0.0645666
0.0645666
0.0645661
0.0645661
0.0645655
0.0645655
0.0645649
0.0645649
0.0645643
0.0645643
0.0645636
0.0645618
0.0645612
0.0645601
0.0645589
0.0645581
0.064557
0.064557
0.064554
0.0645534
0.064553
0.0645524
0.0645513
0.0645506
0.0645501
0.0645494
0.0645477
0.0645471
0.064546
0.0645455
0.064545
0.0645441
0.0645441
0.064543
0.0645414
0.0645409
0.0645404
0.0645394
0.0645389
0.0645354
0.0645354
0.0645337
0.0645332
0.0645327
0.0645322
0.0645313
0.0645313
0.0645293
0.0645293
0.0645283
0.0645278
0.0645272
0.0645262
0.0645262
0.0645253
0.0645253
0.0645233
0.0645233
0.0645223
0.0645213
0.0645213
0.0645203
0.0645195
0.0645195
0.0645177
0.0645177
0.0645168
0.064516
0.0645156
0.0645151
0.0645147
0.0645142
0.0645139
0.0645127
0.0645122
0.0645117
0.0645113
0.0645107
0.0645099
0.0645095
0.0645091
0.0645087
0.0645074
0.0645069
0.0645065
0.0645058
0.0645054
0.064505
0.0645047
0.0645042
0.0645038
0.0645026
0.0645023
0.0645019
0.064501
0.064501
0.0645001
0.0644996
0.0644993
0.0644988
0.0644978
0.0644973
0.0644969
0.0644962
0.0644962
0.0644954
0.0644947
0.0644947
0.0644924
0.0644915
0.0644911
0.0644906
0.0644902
0.0644894
0.0644884
0.0644881
0.0644877
0.064487
0.064487
0.0644861
0.0644854
0.0644854
0.064484
0.064484
0.0644833
0.0644828
0.0644825
0.0644818
0.0644814
0.0644811
0.0644807
0.0644797
0.0644793
0.0644775
0.0644669
0.0644665
0.0644665
0.064466
0.064466
0.0644655
0.0644649
0.0644649
0.0644642
0.0644642
0.0644582
0.0644568
0.0644568
0.0644554
0.0644542
0.0644542
0.0644515
0.0644515
0.0644473
0.0644464
0.0644452
0.0644441
0.064441
0.06444
0.0644379
0.0644371
0.064436
0.0644349
0.0644328
0.0644328
0.0644285
0.0644285
0.0644262
0.0644253
0.064424
0.0644228
0.0644217
0.0644191
0.0644177
0.0644132
0.0644116
0.0644097
0.064408
0.0644061
0.0644019
0.0643998
0.0643976
0.0643885
0.0643862
0.064384
0.0643818
0.0643797
0.0643756
0.0643736
0.0643716
0.0643698
0.0643641
0.0643641
0.0643624
0.0643589
0.0643572
0.064354
0.064354
0.0643509
0.0643509
0.0643455
0.0643442
0.064343
0.0643405
0.0643391
0.064338
0.0643368
0.0643355
0.0643342
0.0643305
0.0643294
0.064327
0.064327
0.0643246
0.0643236
0.0643223
0.0643211
0.06432
0.0643166
0.0643155
0.0643144
0.0643133
0.0643114
0.0643072
0.064302
0.0643008
0.0642982
0.0642982
0.0642956
0.0642956
0.0642932
0.0642919
0.0642868
0.0642855
0.0642843
0.0642819
0.0642808
0.0642795
0.0642771
0.0642759
0.0642724
0.0642712
0.06427
0.0642689
0.0642666
0.0642666
0.0642644
0.06426
0.0642589
0.0642569
0.0642569
0.0642548
0.0642538
0.0642527
0.0642516
0.0642473
0.0642464
0.0642441
0.0642441
0.064242
0.0642411
0.06424
0.0642378
0.0642344
0.0642334
0.0642323
0.0642312
0.0642302
0.0642281
0.0642281
0.0642259
0.0642249
0.0642219
0.0642219
0.0642197
0.0642188
0.0642177
0.0642156
0.0642156
0.0642136
0.0642124
0.0642093
0.0642093
0.0642075
0.0642065
0.0642056
0.0642037
0.0642037
0.0642017
0.0642007
0.0641946
0.0641936
0.0641928
0.0641908
0.0641908
0.0641888
0.0641851
0.0641842
0.0641833
0.0641824
0.0641564
0.0641556
0.0641556
0.0641521
0.0641514
0.0641505
0.0641497
0.0641481
0.0641473
0.0641464
0.0641431
0.0641431
0.0641415
0.0641368
0.0641361
0.0641336
0.0641329
0.0641323
0.0641308
0.0641308
0.0641291
0.0641283
0.0641276
0.0641245
0.0641238
0.064123
0.0641224
0.0641217
0.0641209
0.0641201
0.0641194
0.0641186
0.0641179
0.0641157
0.0641149
0.0641114
0.0641107
0.0641093
0.0641071
0.0641064
0.0641056
0.0641042
0.0641042
0.0641029
0.0641029
0.0641015
0.0641008
0.0640991
0.0640991
0.0640984
0.0640972
0.0640967
0.0640961
0.0640955
0.0640947
0.0640923
0.0640923
0.0640914
0.0640903
0.0640898
0.0640887
0.0640887
0.0640877
0.0640861
0.0640855
0.0640851
0.0640845
0.064084
0.0640828
0.0640828
0.0640818
0.0640797
0.0640792
0.0640786
0.0640776
0.0640776
0.0640765
0.064076
0.0640756
0.0640737
0.0640733
0.0640723
0.0640723
0.0640713
0.0640713
0.0640702
0.0640694
0.0640678
0.0640673
0.0640667
0.0640663
0.0640658
0.0640649
0.0640649
0.0640639
0.0640619
0.0640619
0.0640609
0.0640604
0.0640599
0.0640596
0.064059
0.0640587
0.0640575
0.0640557
0.0640546
0.0640542
0.0640531
0.0640526
0.0640517
0.0640484
0.064048
0.0640474
0.064047
0.0640465
0.064046
0.0640444
0.0640441
0.0640436
0.0640427
0.0640427
0.0640417
0.0640413
0.0640408
0.0640404
0.0640388
0.0640384
0.0640378
0.064037
0.0640365
0.0640361
0.0640357
0.0640348
0.0640293
0.0640293
0.0640288
0.0640273
0.0640268
0.0640263
0.0640253
0.0640247
0.0640242
0.0640237
0.0640232
0.0640226
0.0640205
0.06402
0.0640195
0.0640184
0.0640178
0.064017
0.064017
0.0640146
0.0640143
0.0640137
0.0640131
0.0640131
0.0640123
0.0640117
0.0640113
0.0640102
0.0640077
0.0640067
0.0640067
0.0640057
0.0640047
0.0640047
0.0640029
0.0640025
0.0640013
0.0640013
0.0640003
0.0639999
0.063999
0.063999
0.0639972
0.0639968
0.0639964
0.0639958
0.0639955
0.0639946
0.0639941
0.0639936
0.063993
0.0639915
0.0639894
0.0639884
0.0639884
0.0639876
0.0639864
0.0639859
0.0639851
0.0639846
0.0639842
0.0639838
0.0639833
0.0639831
0.0639825
0.0639812
0.0639804
0.06398
0.0639794
0.0639787
0.0639787
0.0639779
0.0639768
0.063977
0.0639774
0.0639775
0.0639775
0.0639775
0.0639773
0.0639767
0.0639766
0.0639765
0.0639764
0.0639742
0.0639741
0.0639741
0.0639739
0.0639738
0.0639738
0.0639734
0.0639733
0.063973
0.0639727
0.0639726
0.0639725
0.0639724
0.0639721
0.0639719
0.0639714
0.0639712
0.0639708
0.0639706
0.0639704
0.0639704
0.0639702
0.0639702
0.0639695
0.0639694
0.0639691
0.0639691
0.0639623
0.0639617
0.063961
0.063943
0.0639425
0.0639419
0.0639253
0.0639253
0.0639248
0.0639243
0.0639239
0.0639239
0.0639235
0.0639235
0.063923
0.063923
0.0639224
0.0639224
0.0639221
0.0639216
0.0639216
0.0639213
0.0639213
0.0639198
0.0639188
0.0639185
0.063918
0.0639172
0.0639168
0.0639164
0.0639159
0.0639142
0.0639137
0.0639127
0.0639127
0.0639121
0.0639112
0.0639112
0.0639096
0.0639091
0.0639087
0.0639084
0.0639076
0.0639076
0.0639067
0.0639067
0.0639056
0.0639042
0.0639038
0.0639034
0.0639027
0.0639023
0.0639019
0.063901
0.063899
0.0638982
0.0638982
0.0638973
0.0638965
0.0638965
0.0638951
0.0638946
0.0638939
0.0638939
0.0638931
0.0638926
0.063892
0.063892
0.0638906
0.0638903
0.0638894
0.0638894
0.0638888
0.0638885
0.0638881
0.0638877
0.0638873
0.0638865
0.0638861
0.0638854
0.0638852
0.0638848
0.0638845
0.063884
0.063884
0.0638827
0.0638827
0.0638822
0.0638814
0.0638814
0.063881
0.0638806
0.0638804
0.0638792
0.0638787
0.0638784
0.0638779
0.0638776
0.0638773
0.0638767
0.063876
0.0638757
0.0638754
0.063875
0.0638748
0.0638745
0.0638742
0.0638737
0.063873
0.0638728
0.0638725
0.063872
0.063872
0.0638715
0.0638715
0.063871
0.06387
0.0638697
0.0638686
0.0638669
0.0638667
0.0638665
0.0638664
0.0638659
0.0638657
0.0638654
0.0638653
0.0638646
0.0638645
0.063864
0.0638639
0.0638637
0.0638636
0.063863
0.063863
0.0638621
0.0638621
0.0638616
0.0638616
0.0638612
0.063861
0.0638607
0.0638603
0.0638595
0.0638593
0.0638591
0.0638587
0.0638587
0.0638583
0.063858
0.0638578
0.0638572
0.0638569
0.0638567
0.0638566
0.0638564
0.0638562
0.063856
0.0638558
0.0638558
0.0638557
0.0638554
0.0638554
0.0638548
0.0638547
0.0638546
0.0638542
0.0638542
0.0638539
0.0638539
0.0638534
0.0638534
0.0638526
0.0638526
0.0638525
0.0638523
0.0638519
0.0638519
0.0638516
0.0638513
0.0638513
0.0638506
0.0638505
0.0638503
0.0638485
0.0638483
0.0638443
0.0638441
0.0638441
0.0638439
0.0638439
0.0638439
0.0638436
0.0638432
0.0638431
0.0638429
0.0638427
0.0638424
0.0638423
0.0638421
0.0638416
0.0638415
0.0638412
0.0638412
0.0638409
0.0638406
0.0638406
0.0638406
0.0638402
0.06384
0.0638399
0.0638396
0.0638396
0.0638393
0.0638393
0.0638392
0.0638386
0.0638386
0.0638385
0.0638385
0.0638382
0.0638382
0.0638379
0.0638379
0.0638378
0.0638376
