40
-49.7169, 86.11, -75, 120, -158, -218.4
-49.6159, 85.9351, -74.5, 120, -158, -218.4
-49.5149, 85.7601, -74, 120, -158, -218.4
-49.4138, 85.5852, -73.5, 120, -158, -218.4
-49.3128, 85.4102, -73, 120, -158, -218.4
-49.2117, 85.2353, -72.5, 120, -158, -218.4
-49.1107, 85.0604, -72, 120, -158, -218.4
-49.0096, 84.8854, -71.5, 120, -158, -218.4
-48.9086, 84.7105, -71, 120, -158, -218.4
-48.8075, 84.5355, -70.5, 120, -158, -218.4
-48.7065, 84.3606, -70, 120, -158, -218.4
-48.6054, 84.1857, -69.5, 120, -158, -218.4
-48.5044, 84.0107, -69, 120, -158, -218.4
-48.4033, 83.8358, -68.5, 120, -158, -218.4
-48.3023, 83.6608, -68, 120, -158, -218.4
-48.2013, 83.4859, -67.5, 120, -158, -218.4
-48.1002, 83.311, -67, 120, -158, -218.4
-47.9992, 83.136, -66.5, 120, -158, -218.4
-47.8981, 82.9611, -66, 120, -158, -218.4
-47.7971, 82.7861, -65.5, 120, -158, -218.4
-47.696, 82.6112, -65, 120, -158, -218.4
-47.595, 82.4363, -64.5, 120, -158, -218.4
-47.4939, 82.2613, -64, 120, -158, -218.4
-47.3929, 82.0864, -63.5, 120, -158, -218.4
-47.2918, 81.9114, -63, 120, -158, -218.4
-47.1908, 81.7365, -62.5, 120, -158, -218.4
-47.0897, 81.5616, -62, 120, -158, -218.4
-46.9887, 81.3866, -61.5, 120, -158, -218.4
-46.8877, 81.2117, -61, 120, -158, -218.4
-46.7866, 81.0367, -60.5, 120, -158, -218.4
-46.6856, 80.8618, -60, 120, -158, -218.4
-46.5845, 80.6869, -59.5, 120, -158, -218.4
-46.4835, 80.5119, -59, 120, -158, -218.4
-46.3824, 80.337, -58.5, 120, -158, -218.4
-46.2814, 80.162, -58, 120, -158, -218.4
-46.1803, 79.9871, -57.5, 120, -158, -218.4
-46.0793, 79.8122, -57, 120, -158, -218.4
-45.9782, 79.6372, -56.5, 120, -158, -218.4
-45.8772, 79.4623, -56, 120, -158, -218.4
-45.7761, 79.2873, -55.5, 120, -158, -218.4
-45.6751, 79.1124, -55, 120, -158, -218.4
-45.5741, 78.9375, -54.5, 120, -158, -218.4
-45.473, 78.7625, -54, 120, -158, -218.4
-45.372, 78.5876, -53.5, 120, -158, -218.4
-45.2709, 78.4126, -53, 120, -158, -218.4
-45.1699, 78.2377, -52.5, 120, -158, -218.4
-45.0688, 78.0628, -52, 120, -158, -218.4
-44.9678, 77.8878, -51.5, 120, -158, -218.4
-44.8667, 77.7129, -51, 120, -158, -218.4
-44.7657, 77.5379, -50.5, 120, -158, -218.4
-44.6646, 77.363, -50, 120, -158, -218.4
-44.5636, 77.1881, -49.5, 120, -158, -218.4
-44.4625, 77.0131, -49, 120, -158, -218.4
-44.3615, 76.8382, -48.5, 120, -158, -218.4
-44.2604, 76.6632, -48, 120, -158, -218.4
-44.1594, 76.4883, -47.5, 120, -158, -218.4
-44.0584, 76.3134, -47, 120, -158, -218.4
-43.9573, 76.1384, -46.5, 120, -158, -218.4
-43.8563, 75.9635, -46, 120, -158, -218.4
-43.7552, 75.7885, -45.5, 120, -158, -218.4
-43.6542, 75.6136, -45, 120, -158, -218.4
-43.5531, 75.4387, -44.5, 120, -158, -218.4
-43.4521, 75.2637, -44, 120, -158, -218.4
-43.351, 75.0888, -43.5, 120, -158, -218.4
-43.25, 74.9138, -43, 120, -158, -218.4
-43.1489, 74.7389, -42.5, 120, -158, -218.4
-43.0479, 74.564, -42, 120, -158, -218.4
-42.9468, 74.389, -41.5, 120, -158, -218.4
-42.8458, 74.2141, -41, 120, -158, -218.4
-42.7448, 74.0391, -40.5, 120, -158, -218.4
-42.6437, 73.8642, -40, 120, -158, -218.4
-42.5427, 73.6893, -39.5, 120, -158, -218.4
-42.4416, 73.5143, -39, 120, -158, -218.4
-42.3406, 73.3394, -38.5, 120, -158, -218.4
-42.2395, 73.1644, -38, 120, -158, -218.4
-42.1385, 72.9895, -37.5, 120, -158, -218.4
-42.0374, 72.8146, -37, 120, -158, -218.4
-41.9364, 72.6396, -36.5, 120, -158, -218.4
-41.8353, 72.4647, -36, 120, -158, -218.4
-41.7343, 72.2897, -35.5, 120, -158, -218.4
-41.6332, 72.1148, -35, 120, -158, -218.4
-41.5322, 71.9399, -34.5, 120, -158, -218.4
-41.4312, 71.7649, -34, 120, -158, -218.4
-41.3301, 71.59, -33.5, 120, -158, -218.4
-41.2291, 71.415, -33, 120, -158, -218.4
-41.128, 71.2401, -32.5, 120, -158, -218.4
-41.027, 71.0652, -32, 120, -158, -218.4
-40.9259, 70.8902, -31.5, 120, -158, -218.4
-40.8249, 70.7153, -31, 120, -158, -218.4
-40.7238, 70.5403, -30.5, 120, -158, -218.4
-40.6228, 70.3654, -30, 120, -158, -218.4
-40.5217, 70.1905, -29.5, 120, -158, -218.4
-40.4207, 70.0155, -29, 120, -158, -218.4
-40.3196, 69.8406, -28.5, 120, -158, -218.4
-40.2186, 69.6656, -28, 120, -158, -218.4
-40.1175, 69.4907, -27.5, 120, -158, -218.4
-40.0165, 69.3158, -27, 120, -158, -218.4
-39.9155, 69.1408, -26.5, 120, -158, -218.4
-39.8144, 68.9659, -26, 120, -158, -218.4
-39.7134, 68.7909, -25.5, 120, -158, -218.4
-39.6123, 68.616, -25, 120, -158, -218.4
-39.5113, 68.4411, -24.5, 120, -158, -218.4
-39.4102, 68.2661, -24, 120, -158, -218.4
-39.3092, 68.0912, -23.5, 120, -158, -218.4
-39.2081, 67.9162, -23, 120, -158, -218.4
-39.1071, 67.7413, -22.5, 120, -158, -218.4
-39.006, 67.5664, -22, 120, -158, -218.4
-38.905, 67.3914, -21.5, 120, -158, -218.4
-38.8039, 67.2165, -21, 120, -158, -218.4
-38.7029, 67.0415, -20.5, 120, -158, -218.4
-38.6019, 66.8666, -20, 120, -158, -218.4
-38.5008, 66.6917, -19.5, 120, -158, -218.4
-38.3998, 66.5167, -19, 120, -158, -218.4
-38.2987, 66.3418, -18.5, 120, -158, -218.4
-38.1977, 66.1668, -18, 120, -158, -218.4
-38.0966, 65.9919, -17.5, 120, -158, -218.4
-37.9956, 65.817, -17, 120, -158, -218.4
-37.8945, 65.642, -16.5, 120, -158, -218.4
-37.7935, 65.4671, -16, 120, -158, -218.4
-37.6924, 65.2921, -15.5, 120, -158, -218.4
-37.5914, 65.1172, -15, 120, -158, -218.4
-37.4903, 64.9423, -14.5, 120, -158, -218.4
-37.3893, 64.7673, -14, 120, -158, -218.4
-37.2883, 64.5924, -13.5, 120, -158, -218.4
-37.1872, 64.4174, -13, 120, -158, -218.4
-37.0862, 64.2425, -12.5, 120, -158, -218.4
-36.9851, 64.0676, -12, 120, -158, -218.4
-36.8841, 63.8926, -11.5, 120, -158, -218.4
-36.783, 63.7177, -11, 120, -158, -218.4
-36.682, 63.5427, -10.5, 120, -158, -218.4
-36.5809, 63.3678, -10, 120, -158, -218.4
-36.4799, 63.1929, -9.5, 120, -158, -218.4
-36.3788, 63.0179, -9, 120, -158, -218.4
-36.2778, 62.843, -8.5, 120, -158, -218.4
-36.1767, 62.668, -8, 120, -158, -218.4
-36.0757, 62.4931, -7.5, 120, -158, -218.4
-35.9747, 62.3182, -7, 120, -158, -218.4
-35.8736, 62.1432, -6.5, 120, -158, -218.4
-35.7726, 61.9683, -6, 120, -158, -218.4
-35.6715, 61.7933, -5.5, 120, -158, -218.4
-35.5705, 61.6184, -5, 120, -158, -218.4
-35.4694, 61.4435, -4.5, 120, -158, -218.4
-35.3684, 61.2685, -4, 120, -158, -218.4
-35.2673, 61.0936, -3.5, 120, -158, -218.4
-35.1663, 60.9186, -3, 120, -158, -218.4
-35.0652, 60.7437, -2.5, 120, -158, -218.4
-34.9642, 60.5688, -2, 120, -158, -218.4
-34.8631, 60.3938, -1.5, 120, -158, -218.4
-34.7621, 60.2189, -1, 120, -158, -218.4
-34.661, 60.0439, -0.5, 120, -158, -218.4