10
-34.566, 59.869, 0, 0, -180, -218.4
-34.3356, 59.4699, 0, 0, -180, -218.4
-34.1051, 59.0707, 0, 0, -180, -218.4
-33.8747, 58.6716, 0, 0, -180, -218.4
-33.6442, 58.2725, 0, 0, -180, -218.4
-33.4138, 57.8734, 0, 0, -180, -218.4
-33.1834, 57.4742, 0, 0, -180, -218.4
-32.9529, 57.0751, 0, 0, -180, -218.4
-32.7225, 56.676, 0, 0, -180, -218.4
-32.492, 56.2769, 0, 0, -180, -218.4
-32.2616, 55.8777, 0, 0, -180, -218.4
-32.0312, 55.4786, 0, 0, -180, -218.4
-31.8007, 55.0795, 0, 0, -180, -218.4
-31.5703, 54.6804, 0, 0, -180, -218.4
-31.3398, 54.2812, 0, 0, -180, -218.4
-31.1094, 53.8821, 0, 0, -180, -218.4
-30.879, 53.483, 0, 0, -180, -218.4
-30.6485, 53.0838, 0, 0, -180, -218.4
-30.4181, 52.6847, 0, 0, -180, -218.4
-30.1876, 52.2856, 0, 0, -180, -218.4
-29.9572, 51.8865, 0, 0, -180, -218.4
-29.7268, 51.4873, 0, 0, -180, -218.4
-29.4963, 51.0882, 0, 0, -180, -218.4
-29.2659, 50.6891, 0, 0, -180, -218.4
-29.0354, 50.29, 0, 0, -180, -218.4
-28.805, 49.8908, 0, 0, -180, -218.4
-28.5746, 49.4917, 0, 0, -180, -218.4
-28.3441, 49.0926, 0, 0, -180, -218.4
-28.1137, 48.6935, 0, 0, -180, -218.4
-27.8832, 48.2943, 0, 0, -180, -218.4
-27.6528, 47.8952, 0, 0, -180, -218.4
-27.4224, 47.4961, 0, 0, -180, -218.4
-27.1919, 47.0969, 0, 0, -180, -218.4
-26.9615, 46.6978, 0, 0, -180, -218.4
-26.731, 46.2987, 0, 0, -180, -218.4
-26.5006, 45.8996, 0, 0, -180, -218.4
-26.2702, 45.5004, 0, 0, -180, -218.4
-26.0397, 45.1013, 0, 0, -180, -218.4
-25.8093, 44.7022, 0, 0, -180, -218.4
-25.5788, 44.3031, 0, 0, -180, -218.4
-25.3484, 43.9039, 0, 0, -180, -218.4
-25.118, 43.5048, 0, 0, -180, -218.4
-24.8875, 43.1057, 0, 0, -180, -218.4
-24.6571, 42.7066, 0, 0, -180, -218.4
-24.4266, 42.3074, 0, 0, -180, -218.4
-24.1962, 41.9083, 0, 0, -180, -218.4
-23.9658, 41.5092, 0, 0, -180, -218.4
-23.7353, 41.11, 0, 0, -180, -218.4
-23.5049, 40.7109, 0, 0, -180, -218.4
-23.2744, 40.3118, 0, 0, -180, -218.4
-23.044, 39.9127, 0, 0, -180, -218.4
-22.8136, 39.5135, 0, 0, -180, -218.4
-22.5831, 39.1144, 0, 0, -180, -218.4
-22.3527, 38.7153, 0, 0, -180, -218.4
-22.1222, 38.3162, 0, 0, -180, -218.4
-21.8918, 37.917, 0, 0, -180, -218.4
-21.6614, 37.5179, 0, 0, -180, -218.4
-21.4309, 37.1188, 0, 0, -180, -218.4
-21.2005, 36.7197, 0, 0, -180, -218.4
-20.97, 36.3205, 0, 0, -180, -218.4
-20.7396, 35.9214, 0, 0, -180, -218.4
-20.5092, 35.5223, 0, 0, -180, -218.4
-20.2787, 35.1231, 0, 0, -180, -218.4
-20.0483, 34.724, 0, 0, -180, -218.4
-19.8178, 34.3249, 0, 0, -180, -218.4
-19.5874, 33.9258, 0, 0, -180, -218.4
-19.357, 33.5266, 0, 0, -180, -218.4
-19.1265, 33.1275, 0, 0, -180, -218.4
-18.8961, 32.7284, 0, 0, -180, -218.4
-18.6656, 32.3293, 0, 0, -180, -218.4
-18.4352, 31.9301, 0, 0, -180, -218.4
-18.2048, 31.531, 0, 0, -180, -218.4
-17.9743, 31.1319, 0, 0, -180, -218.4
-17.7439, 30.7328, 0, 0, -180, -218.4
-17.5134, 30.3336, 0, 0, -180, -218.4
-17.283, 29.9345, 0, 0, -180, -218.4
-17.0526, 29.5354, 0, 0, -180, -218.4
-16.8221, 29.1362, 0, 0, -180, -218.4
-16.5917, 28.7371, 0, 0, -180, -218.4
-16.3612, 28.338, 0, 0, -180, -218.4
-16.1308, 27.9389, 0, 0, -180, -218.4
-15.9004, 27.5397, 0, 0, -180, -218.4
-15.6699, 27.1406, 0, 0, -180, -218.4
-15.4395, 26.7415, 0, 0, -180, -218.4
-15.209, 26.3424, 0, 0, -180, -218.4
-14.9786, 25.9432, 0, 0, -180, -218.4
-14.7482, 25.5441, 0, 0, -180, -218.4
-14.5177, 25.145, 0, 0, -180, -218.4
-14.2873, 24.7459, 0, 0, -180, -218.4
-14.0568, 24.3467, 0, 0, -180, -218.4
-13.8264, 23.9476, 0, 0, -180, -218.4
-13.596, 23.5485, 0, 0, -180, -218.4
-13.3655, 23.1493, 0, 0, -180, -218.4
-13.1351, 22.7502, 0, 0, -180, -218.4
-12.9046, 22.3511, 0, 0, -180, -218.4
-12.6742, 21.952, 0, 0, -180, -218.4
-12.4438, 21.5528, 0, 0, -180, -218.4
-12.2133, 21.1537, 0, 0, -180, -218.4
-11.9829, 20.7546, 0, 0, -180, -218.4
-11.7524, 20.3555, 0, 0, -180, -218.4
-11.522, 19.9563, 0, 0, -180, -218.4
-11.2916, 19.5572, 0, 0, -180, -218.4
-11.0611, 19.1581, 0, 0, -180, -218.4
-10.8307, 18.759, 0, 0, -180, -218.4
-10.6002, 18.3598, 0, 0, -180, -218.4
-10.3698, 17.9607, 0, 0, -180, -218.4
-10.1394, 17.5616, 0, 0, -180, -218.4
-9.90892, 17.1624, 0, 0, -180, -218.4
-9.67848, 16.7633, 0, 0, -180, -218.4
-9.44804, 16.3642, 0, 0, -180, -218.4
-9.2176, 15.9651, 0, 0, -180, -218.4
-8.98716, 15.5659, 0, 0, -180, -218.4
-8.75672, 15.1668, 0, 0, -180, -218.4
-8.52628, 14.7677, 0, 0, -180, -218.4
-8.29584, 14.3686, 0, 0, -180, -218.4
-8.0654, 13.9694, 0, 0, -180, -218.4
-7.83496, 13.5703, 0, 0, -180, -218.4
-7.60452, 13.1712, 0, 0, -180, -218.4
-7.37408, 12.7721, 0, 0, -180, -218.4
-7.14364, 12.3729, 0, 0, -180, -218.4
-6.9132, 11.9738, 0, 0, -180, -218.4
-6.68276, 11.5747, 0, 0, -180, -218.4
-6.45232, 11.1755, 0, 0, -180, -218.4
-6.22188, 10.7764, 0, 0, -180, -218.4
-5.99144, 10.3773, 0, 0, -180, -218.4
-5.761, 9.97817, 0, 0, -180, -218.4
-5.53056, 9.57904, 0, 0, -180, -218.4
-5.30012, 9.17991, 0, 0, -180, -218.4
-5.06968, 8.78079, 0, 0, -180, -218.4
-4.83924, 8.38166, 0, 0, -180, -218.4
-4.6088, 7.98253, 0, 0, -180, -218.4
-4.37836, 7.58341, 0, 0, -180, -218.4
-4.14792, 7.18428, 0, 0, -180, -218.4
-3.91748, 6.78515, 0, 0, -180, -218.4
-3.68704, 6.38603, 0, 0, -180, -218.4
-3.4566, 5.9869, 0, 0, -180, -218.4
-3.22616, 5.58777, 0, 0, -180, -218.4
-2.99572, 5.18865, 0, 0, -180, -218.4
-2.76528, 4.78952, 0, 0, -180, -218.4
-2.53484, 4.39039, 0, 0, -180, -218.4
-2.3044, 3.99127, 0, 0, -180, -218.4
-2.07396, 3.59214, 0, 0, -180, -218.4
-1.84352, 3.19301, 0, 0, -180, -218.4
-1.61308, 2.79389, 0, 0, -180, -218.4
-1.38264, 2.39476, 0, 0, -180, -218.4
-1.1522, 1.99563, 0, 0, -180, -218.4
-0.92176, 1.59651, 0, 0, -180, -218.4
-0.69132, 1.19738, 0, 0, -180, -218.4
-0.46088, 0.798253, 0, 0, -180, -218.4
-0.23044, 0.399127, 0, 0, -180, -218.4
0, 0, 0, 0, -180, -218.4