10
-49.7169, -86.11, -75, -120, -158, -218.4
-49.6159, -85.9351, -74.5, -120, -158, -218.4
-49.5149, -85.7601, -74, -120, -158, -218.4
-49.4139, -85.5852, -73.5, -120, -158, -218.4
-49.3129, -85.4102, -73, -120, -158, -218.4
-49.2119, -85.2353, -72.5, -120, -158, -218.4
-49.1109, -85.0604, -72, -120, -158, -218.4
-49.0099, -84.8854, -71.5, -120, -158, -218.4
-48.9089, -84.7105, -71, -120, -158, -218.4
-48.8079, -84.5355, -70.5, -120, -158, -218.4
-48.7069, -84.3606, -70, -120, -158, -218.4
-48.6059, -84.1857, -69.5, -120, -158, -218.4
-48.5049, -84.0107, -69, -120, -158, -218.4
-48.4039, -83.8358, -68.5, -120, -158, -218.4
-48.3029, -83.6608, -68, -120, -158, -218.4
-48.2019, -83.4859, -67.5, -120, -158, -218.4
-48.1008, -83.311, -67, -120, -158, -218.4
-47.9998, -83.136, -66.5, -120, -158, -218.4
-47.8988, -82.9611, -66, -120, -158, -218.4
-47.7978, -82.7861, -65.5, -120, -158, -218.4
-47.6968, -82.6112, -65, -120, -158, -218.4
-47.5958, -82.4363, -64.5, -120, -158, -218.4
-47.4948, -82.2613, -64, -120, -158, -218.4
-47.3938, -82.0864, -63.5, -120, -158, -218.4
-47.2928, -81.9114, -63, -120, -158, -218.4
-47.1918, -81.7365, -62.5, -120, -158, -218.4
-47.0908, -81.5616, -62, -120, -158, -218.4
-46.9898, -81.3866, -61.5, -120, -158, -218.4
-46.8888, -81.2117, -61, -120, -158, -218.4
-46.7878, -81.0367, -60.5, -120, -158, -218.4
-46.6868, -80.8618, -60, -120, -158, -218.4
-46.5858, -80.6869, -59.5, -120, -158, -218.4
-46.4847, -80.5119, -59, -120, -158, -218.4
-46.3837, -80.337, -58.5, -120, -158, -218.4
-46.2827, -80.162, -58, -120, -158, -218.4
-46.1817, -79.9871, -57.5, -120, -158, -218.4
-46.0807, -79.8122, -57, -120, -158, -218.4
-45.9797, -79.6372, -56.5, -120, -158, -218.4
-45.8787, -79.4623, -56, -120, -158, -218.4
-45.7777, -79.2873, -55.5, -120, -158, -218.4
-45.6767, -79.1124, -55, -120, -158, -218.4
-45.5757, -78.9375, -54.5, -120, -158, -218.4
-45.4747, -78.7625, -54, -120, -158, -218.4
-45.3737, -78.5876, -53.5, -120, -158, -218.4
-45.2727, -78.4126, -53, -120, -158, -218.4
-45.1717, -78.2377, -52.5, -120, -158, -218.4
-45.0707, -78.0628, -52, -120, -158, -218.4
-44.9697, -77.8878, -51.5, -120, -158, -218.4
-44.8686, -77.7129, -51, -120, -158, -218.4
-44.7676, -77.5379, -50.5, -120, -158, -218.4
-44.6666, -77.363, -50, -120, -158, -218.4
-44.5656, -77.1881, -49.5, -120, -158, -218.4
-44.4646, -77.0131, -49, -120, -158, -218.4
-44.3636, -76.8382, -48.5, -120, -158, -218.4
-44.2626, -76.6632, -48, -120, -158, -218.4
-44.1616, -76.4883, -47.5, -120, -158, -218.4
-44.0606, -76.3134, -47, -120, -158, -218.4
-43.9596, -76.1384, -46.5, -120, -158, -218.4
-43.8586, -75.9635, -46, -120, -158, -218.4
-43.7576, -75.7885, -45.5, -120, -158, -218.4
-43.6566, -75.6136, -45, -120, -158, -218.4
-43.5556, -75.4387, -44.5, -120, -158, -218.4
-43.4546, -75.2637, -44, -120, -158, -218.4
-43.3535, -75.0888, -43.5, -120, -158, -218.4
-43.2525, -74.9138, -43, -120, -158, -218.4
-43.1515, -74.7389, -42.5, -120, -158, -218.4
-43.0505, -74.564, -42, -120, -158, -218.4
-42.9495, -74.389, -41.5, -120, -158, -218.4
-42.8485, -74.2141, -41, -120, -158, -218.4
-42.7475, -74.0391, -40.5, -120, -158, -218.4
-42.6465, -73.8642, -40, -120, -158, -218.4
-42.5455, -73.6893, -39.5, -120, -158, -218.4
-42.4445, -73.5143, -39, -120, -158, -218.4
-42.3435, -73.3394, -38.5, -120, -158, -218.4
-42.2425, -73.1644, -38, -120, -158, -218.4
-42.1415, -72.9895, -37.5, -120, -158, -218.4
-42.0405, -72.8146, -37, -120, -158, -218.4
-41.9395, -72.6396, -36.5, -120, -158, -218.4
-41.8385, -72.4647, -36, -120, -158, -218.4
-41.7374, -72.2897, -35.5, -120, -158, -218.4
-41.6364, -72.1148, -35, -120, -158, -218.4
-41.5354, -71.9399, -34.5, -120, -158, -218.4
-41.4344, -71.7649, -34, -120, -158, -218.4
-41.3334, -71.59, -33.5, -120, -158, -218.4
-41.2324, -71.415, -33, -120, -158, -218.4
-41.1314, -71.2401, -32.5, -120, -158, -218.4
-41.0304, -71.0652, -32, -120, -158, -218.4
-40.9294, -70.8902, -31.5, -120, -158, -218.4
-40.8284, -70.7153, -31, -120, -158, -218.4
-40.7274, -70.5403, -30.5, -120, -158, -218.4
-40.6264, -70.3654, -30, -120, -158, -218.4
-40.5254, -70.1905, -29.5, -120, -158, -218.4
-40.4244, -70.0155, -29, -120, -158, -218.4
-40.3234, -69.8406, -28.5, -120, -158, -218.4
-40.2224, -69.6656, -28, -120, -158, -218.4
-40.1213, -69.4907, -27.5, -120, -158, -218.4
-40.0203, -69.3158, -27, -120, -158, -218.4
-39.9193, -69.1408, -26.5, -120, -158, -218.4
-39.8183, -68.9659, -26, -120, -158, -218.4
-39.7173, -68.7909, -25.5, -120, -158, -218.4
-39.6163, -68.616, -25, -120, -158, -218.4
-39.5153, -68.4411, -24.5, -120, -158, -218.4
-39.4143, -68.2661, -24, -120, -158, -218.4
-39.3133, -68.0912, -23.5, -120, -158, -218.4
-39.2123, -67.9162, -23, -120, -158, -218.4
-39.1113, -67.7413, -22.5, -120, -158, -218.4
-39.0103, -67.5664, -22, -120, -158, -218.4
-38.9093, -67.3914, -21.5, -120, -158, -218.4
-38.8083, -67.2165, -21, -120, -158, -218.4
-38.7073, -67.0415, -20.5, -120, -158, -218.4
-38.6063, -66.8666, -20, -120, -158, -218.4
-38.5052, -66.6917, -19.5, -120, -158, -218.4
-38.4042, -66.5167, -19, -120, -158, -218.4
-38.3032, -66.3418, -18.5, -120, -158, -218.4
-38.2022, -66.1668, -18, -120, -158, -218.4
-38.1012, -65.9919, -17.5, -120, -158, -218.4
-38.0002, -65.817, -17, -120, -158, -218.4
-37.8992, -65.642, -16.5, -120, -158, -218.4
-37.7982, -65.4671, -16, -120, -158, -218.4
-37.6972, -65.2921, -15.5, -120, -158, -218.4
-37.5962, -65.1172, -15, -120, -158, -218.4
-37.4952, -64.9423, -14.5, -120, -158, -218.4
-37.3942, -64.7673, -14, -120, -158, -218.4
-37.2932, -64.5924, -13.5, -120, -158, -218.4
-37.1922, -64.4174, -13, -120, -158, -218.4
-37.0912, -64.2425, -12.5, -120, -158, -218.4
-36.9902, -64.0676, -12, -120, -158, -218.4
-36.8891, -63.8926, -11.5, -120, -158, -218.4
-36.7881, -63.7177, -11, -120, -158, -218.4
-36.6871, -63.5427, -10.5, -120, -158, -218.4
-36.5861, -63.3678, -10, -120, -158, -218.4
-36.4851, -63.1929, -9.5, -120, -158, -218.4
-36.3841, -63.0179, -9, -120, -158, -218.4
-36.2831, -62.843, -8.5, -120, -158, -218.4
-36.1821, -62.668, -8, -120, -158, -218.4
-36.0811, -62.4931, -7.5, -120, -158, -218.4
-35.9801, -62.3182, -7, -120, -158, -218.4
-35.8791, -62.1432, -6.5, -120, -158, -218.4
-35.7781, -61.9683, -6, -120, -158, -218.4
-35.6771, -61.7933, -5.5, -120, -158, -218.4
-35.5761, -61.6184, -5, -120, -158, -218.4
-35.4751, -61.4435, -4.5, -120, -158, -218.4
-35.3741, -61.2685, -4, -120, -158, -218.4
-35.273, -61.0936, -3.5, -120, -158, -218.4
-35.172, -60.9186, -3, -120, -158, -218.4
-35.071, -60.7437, -2.5, -120, -158, -218.4
-34.97, -60.5688, -2, -120, -158, -218.4
-34.869, -60.3938, -1.5, -120, -158, -218.4
-34.768, -60.2189, -1, -120, -158, -218.4
-34.667, -60.0439, -0.5, -120, -158, -218.4
-34.566, -59.869, 0, -120, -158, -218.4