30
69.1319, 0, 0, 0, -180, -218.4
68.671, 0, 0, 0, -180, -218.4
68.2102, 0, 0, 0, -180, -218.4
67.7493, 0, 0, 0, -180, -218.4
67.2884, 0, 0, 0, -180, -218.4
66.8275, 0, 0, 0, -180, -218.4
66.3666, 0, 0, 0, -180, -218.4
65.9058, 0, 0, 0, -180, -218.4
65.4449, 0, 0, 0, -180, -218.4
64.984, 0, 0, 0, -180, -218.4
64.5231, 0, 0, 0, -180, -218.4
64.0622, 0, 0, 0, -180, -218.4
63.6014, 0, 0, 0, -180, -218.4
63.1405, 0, 0, 0, -180, -218.4
62.6796, 0, 0, 0, -180, -218.4
62.2187, 0, 0, 0, -180, -218.4
61.7579, 0, 0, 0, -180, -218.4
61.297, 0, 0, 0, -180, -218.4
60.8361, 0, 0, 0, -180, -218.4
60.3752, 0, 0, 0, -180, -218.4
59.9143, 0, 0, 0, -180, -218.4
59.4535, 0, 0, 0, -180, -218.4
58.9926, 0, 0, 0, -180, -218.4
58.5317, 0, 0, 0, -180, -218.4
58.0708, 0, 0, 0, -180, -218.4
57.6099, 0, 0, 0, -180, -218.4
57.1491, 0, 0, 0, -180, -218.4
56.6882, 0, 0, 0, -180, -218.4
56.2273, 0, 0, 0, -180, -218.4
55.7664, 0, 0, 0, -180, -218.4
55.3055, 0, 0, 0, -180, -218.4
54.8447, 0, 0, 0, -180, -218.4
54.3838, 0, 0, 0, -180, -218.4
53.9229, 0, 0, 0, -180, -218.4
53.462, 0, 0, 0, -180, -218.4
53.0011, 0, 0, 0, -180, -218.4
52.5403, 0, 0, 0, -180, -218.4
52.0794, 0, 0, 0, -180, -218.4
51.6185, 0, 0, 0, -180, -218.4
51.1576, 0, 0, 0, -180, -218.4
50.6967, 0, 0, 0, -180, -218.4
50.2359, 0, 0, 0, -180, -218.4
49.775, 0, 0, 0, -180, -218.4
49.3141, 0, 0, 0, -180, -218.4
48.8532, 0, 0, 0, -180, -218.4
48.3923, 0, 0, 0, -180, -218.4
47.9315, 0, 0, 0, -180, -218.4
47.4706, 0, 0, 0, -180, -218.4
47.0097, 0, 0, 0, -180, -218.4
46.5488, 0, 0, 0, -180, -218.4
46.0879, 0, 0, 0, -180, -218.4
45.6271, 0, 0, 0, -180, -218.4
45.1662, 0, 0, 0, -180, -218.4
44.7053, 0, 0, 0, -180, -218.4
44.2444, 0, 0, 0, -180, -218.4
43.7836, 0, 0, 0, -180, -218.4
43.3227, 0, 0, 0, -180, -218.4
42.8618, 0, 0, 0, -180, -218.4
42.4009, 0, 0, 0, -180, -218.4
41.94, 0, 0, 0, -180, -218.4
41.4792, 0, 0, 0, -180, -218.4
41.0183, 0, 0, 0, -180, -218.4
40.5574, 0, 0, 0, -180, -218.4
40.0965, 0, 0, 0, -180, -218.4
39.6356, 0, 0, 0, -180, -218.4
39.1748, 0, 0, 0, -180, -218.4
38.7139, 0, 0, 0, -180, -218.4
38.253, 0, 0, 0, -180, -218.4
37.7921, 0, 0, 0, -180, -218.4
37.3312, 0, 0, 0, -180, -218.4
36.8704, 0, 0, 0, -180, -218.4
36.4095, 0, 0, 0, -180, -218.4
35.9486, 0, 0, 0, -180, -218.4
35.4877, 0, 0, 0, -180, -218.4
35.0268, 0, 0, 0, -180, -218.4
34.566, 0, 0, 0, -180, -218.4
34.1051, 0, 0, 0, -180, -218.4
33.6442, 0, 0, 0, -180, -218.4
33.1833, 0, 0, 0, -180, -218.4
32.7224, 0, 0, 0, -180, -218.4
32.2616, 0, 0, 0, -180, -218.4
31.8007, 0, 0, 0, -180, -218.4
31.3398, 0, 0, 0, -180, -218.4
30.8789, 0, 0, 0, -180, -218.4
30.418, 0, 0, 0, -180, -218.4
29.9572, 0, 0, 0, -180, -218.4
29.4963, 0, 0, 0, -180, -218.4
29.0354, 0, 0, 0, -180, -218.4
28.5745, 0, 0, 0, -180, -218.4
28.1136, 0, 0, 0, -180, -218.4
27.6528, 0, 0, 0, -180, -218.4
27.1919, 0, 0, 0, -180, -218.4
26.731, 0, 0, 0, -180, -218.4
26.2701, 0, 0, 0, -180, -218.4
25.8092, 0, 0, 0, -180, -218.4
25.3484, 0, 0, 0, -180, -218.4
24.8875, 0, 0, 0, -180, -218.4
24.4266, 0, 0, 0, -180, -218.4
23.9657, 0, 0, 0, -180, -218.4
23.5049, 0, 0, 0, -180, -218.4
23.044, 0, 0, 0, -180, -218.4
22.5831, 0, 0, 0, -180, -218.4
22.1222, 0, 0, 0, -180, -218.4
21.6613, 0, 0, 0, -180, -218.4
21.2005, 0, 0, 0, -180, -218.4
20.7396, 0, 0, 0, -180, -218.4
20.2787, 0, 0, 0, -180, -218.4
19.8178, 0, 0, 0, -180, -218.4
19.3569, 0, 0, 0, -180, -218.4
18.8961, 0, 0, 0, -180, -218.4
18.4352, 0, 0, 0, -180, -218.4
17.9743, 0, 0, 0, -180, -218.4
17.5134, 0, 0, 0, -180, -218.4
17.0525, 0, 0, 0, -180, -218.4
16.5917, 0, 0, 0, -180, -218.4
16.1308, 0, 0, 0, -180, -218.4
15.6699, 0, 0, 0, -180, -218.4
15.209, 0, 0, 0, -180, -218.4
14.7481, 0, 0, 0, -180, -218.4
14.2873, 0, 0, 0, -180, -218.4
13.8264, 0, 0, 0, -180, -218.4
13.3655, 0, 0, 0, -180, -218.4
12.9046, 0, 0, 0, -180, -218.4
12.4437, 0, 0, 0, -180, -218.4
11.9829, 0, 0, 0, -180, -218.4
11.522, 0, 0, 0, -180, -218.4
11.0611, 0, 0, 0, -180, -218.4
10.6002, 0, 0, 0, -180, -218.4
10.1393, 0, 0, 0, -180, -218.4
9.67847, 0, 0, 0, -180, -218.4
9.21759, 0, 0, 0, -180, -218.4
8.75671, 0, 0, 0, -180, -218.4
8.29583, 0, 0, 0, -180, -218.4
7.83495, 0, 0, 0, -180, -218.4
7.37407, 0, 0, 0, -180, -218.4
6.91319, 0, 0, 0, -180, -218.4
6.45231, 0, 0, 0, -180, -218.4
5.99143, 0, 0, 0, -180, -218.4
5.53055, 0, 0, 0, -180, -218.4
5.06967, 0, 0, 0, -180, -218.4
4.60879, 0, 0, 0, -180, -218.4
4.14792, 0, 0, 0, -180, -218.4
3.68704, 0, 0, 0, -180, -218.4
3.22616, 0, 0, 0, -180, -218.4
2.76528, 0, 0, 0, -180, -218.4
2.3044, 0, 0, 0, -180, -218.4
1.84352, 0, 0, 0, -180, -218.4
1.38264, 0, 0, 0, -180, -218.4
0.921759, 0, 0, 0, -180, -218.4
0.460879, 0, 0, 0, -180, -218.4
0, 0, 0, 0, -180, -218.4